0.539, 0.843, 14.26
0.539, 0.843, 14.26
0.596, 1.69, 6.682
-0.192, 1.362, 11.023
-0.268, 1.161, 9.196
-0.268, 1.161, 9.196
0.113, -0.62, 7.561
0.467, 1.489, 10.676
0.256, 1.168, 11.755
-1.053, 0.651, 8.528
-0.045, -1.997, 11.016
-0.014, 2.545, 12.052
0.5, 0.433, 6.136
0.5, 0.433, 6.136
-0.366, 0.089, 8.205
0.848, -1.101, 9.962
0.728, -1.712, 10.242
0.862, 0.848, 7.604
1.147, 0.481, 11.995
1.147, 0.481, 11.995
0.347, 0.043, 8.396
-2.289, 1.58, 11.138
-0.931, 0.826, 10.307
-0.931, 0.826, 10.307
-1.149, -2.741, 10.29
0.464, 1.132, 11.674
0.316, 0.589, 8.619
0.843, 1.128, 10.98
-0.294, -0.012, 12.404
-1.709, 2.928, 10.53
-0.242, -0.845, 13.709
-0.242, -0.845, 13.709
-0.74, -0.814, 10.415
-0.086, 0.136, 7.269
-0.086, 0.136, 7.269
-0.328, -0.35, 12.653
0.33, -0.441, 11.758
0.512, 3.182, 6.62
0.05, 2.935, 6.21
0.385, -0.678, 16.283
0.385, -0.678, 16.283
-0.907, 3.381, 8.114
-0.038, -0.148, 7.757
-0.886, -1.731, 11.842
-0.886, -1.731, 11.842
-0.828, 3.883, 8.913
1.441, 1.192, 8.854
-1.295, 1.942, 13.249
-1.049, 2.04, 13.599
-0.378, 0.699, 7.944
-0.575, 0.472, 9.699
-0.575, 0.472, 9.699
-0.484, -0.546, 11.341
-0.448, 2.421, 9.124
-1.132, -0.062, 12.064
-1.585, 2.732, 8.095
0.146, -2.658, 10.161
0.146, -2.658, 10.161
-2.138, 2.435, 12.261
1.468, -1.48, 11.782
0.292, 1.836, 12.433
0.292, 1.836, 12.433
0.919, -2.866, 10.096
-0.697, 1.183, 5.104
-0.697, 1.183, 5.104
0.469, -0.79, 12.445
-1.314, 0.941, 6.414
-0.699, -0.357, 11.76
1.86, 1.365, 9.881
1.86, 1.365, 9.881
-1.156, 1.312, 9.567
0.304, 0.479, 10.254
-0.864, 2.291, 10.81
-0.187, 0.62, 9.134
-1.482, 0.007, 8.413
0.306, -0.378, 10.601
0.306, -0.378, 10.601
-0.144, 0.737, 7.982
0.567, 1.42, 6.905
-1.539, -1.271, 7.573
-0.156, -0.002, 10.898
-0.081, 3.278, 7.922
-2.09, 2.301, 12.289
-2.09, 2.301, 12.289
-0.996, 2.516, 6.996
2.406, 2.763, 17.094
2.169, 3.814, 7.18
-0.254, -2.066, 10.072
-0.433, -0.034, 11.451
-1.475, 0.666, 9.067
-0.955, 0.048, 9.979
-1.717, 1.288, 7.963
0.498, -1.932, 9.874
0.498, -1.932, 9.874
2.179, 3.112, 11.882
1.116, -0.012, 10.812
1.276, 2.217, 9.713
1.276, 2.217, 9.713
0.333, -0.745, 10.072
0.211, 0.828, 7.563
0.45, 1.07, 7.937
0.527, 0.251, 7.036
0.259, -0.814, 10.551
1.192, 1.923, 8.799
1.192, 1.923, 8.799
0.184, 0.041, 9.27
-0.237, 1.125, 7.819
-0.237, 1.125, 7.819
0.036, 0.927, 7.807
0.031, -0.536, 9.048
0.031, -0.536, 9.048
-1.049, -1.334, 11.085
-0.567, 1.221, 11.509
0.005, -0.524, 8.145
1.018, 0.079, 10.965
-2.586, -1.413, 8.511
-0.962, 0.093, 16.307
-1.391, 0.294, 16.213
-0.096, 0.716, 12.232
0.448, 0.757, 7.697
0.448, 0.757, 7.697
0.728, -1.563, 11.336
-0.251, -1.233, 11.772
-0.23, -0.347, 11.602
0.354, 1.425, 13.766
0.713, -1.927, 8.693
-0.129, 0.563, 11.54
-0.129, 0.563, 11.54
0.534, 0.802, 8.751
0.184, -0.639, 11.332
-0.742, -4.338, 9.052
-0.742, -4.338, 9.052
-0.098, 4.147, 12.502
-1.049, -3.153, 6.462
-1.049, -3.153, 6.462
-0.565, 2.397, 12.275
0.038, 1.702, 7.601
-0.093, 0.472, 10.606
-0.093, 0.472, 10.606
-0.409, 1.659, 7.903
-1.295, -0.11, 6.309
-1.295, -0.11, 6.309
0.208, -0.69, 10.91
2.162, 3.287, 8.969
0.395, -0.486, 10.491
0.395, -0.486, 10.491
0.247, 3.184, 8.399
0.146, -1.288, 9.55
0.146, -1.288, 9.55
0.086, 0.862, 11.008
-0.397, -0.163, 10.632
-0.397, -0.163, 10.632
-0.532, -0.364, 10.707
-0.713, 1.176, 10.194
0.807, -0.757, 9.395
0.807, -0.757, 9.395
0.488, 0.934, 6.179
0.156, 1.36, 7.391
0.701, -2.04, 8.384
2.468, -0.189, 11.207
2.468, -0.189, 11.207
0.275, 1.111, 8.988
0.522, 0.225, 11.552
0.522, 0.225, 11.552
-0.242, -1.436, 11.006
0.579, 0.871, 11.348
0.579, 0.871, 11.348
0.239, -1.065, 10.391
0.326, 0.024, 9.464
-0.436, -1.056, 11.722
-0.309, 0.666, 10.767
-0.338, 0.898, 11.128
-0.35, -0.807, 10.369
0.129, 0.373, 9.23
0.129, 0.373, 9.23
0.136, 0.316, 10.388
-0.172, 0.548, 11.039
-0.172, 0.548, 11.039
0.512, -2.5, 7.204
0.316, 2.437, 12.739
0.879, 1.231, 8.473
0.323, -0.962, 10.084
0.062, 1.659, 9.689
0.062, 1.659, 9.689
-0.807, -1.626, 9.567
-0.29, 1.101, 12.182
-1.25, 3.077, 12.902
-1.25, 3.077, 12.902
0.417, 0.196, 7.927
0.101, 1.985, 8.468
0.184, 2.155, 8.135
0.117, 1.372, 10.4
0.424, 0.0, 11.126
0.153, 1.278, 7.898
-1.195, 1.293, 9.325
-1.01, 0.136, 8.554
-0.543, 1.267, 10.386
-0.412, 0.261, 8.336
-0.412, 0.261, 8.336
0.316, -0.294, 10.139
1.324, 0.74, 9.17
0.227, 0.601, 9.165
-0.369, 0.747, 8.492
-0.369, 0.747, 8.492
0.096, 1.037, 5.61
-0.5, -2.093, 9.974
-0.5, -2.093, 9.974
-0.304, -0.766, 13.295
0.67, 0.196, 11.042
0.33, 0.194, 11.746
-0.017, -0.541, 9.45
-0.196, -1.003, 10.953
-0.196, -1.003, 10.953
0.421, 0.0, 13.503
-0.553, -1.149, 8.341
-0.048, 0.424, 13.671
0.328, -0.261, 8.195
0.905, -1.504, 11.763
-0.366, 1.235, 11.921
0.405, -0.62, 10.398
0.62, -0.986, 12.419
0.62, -0.986, 12.419
0.388, 0.51, 9.088
0.8, -0.694, 8.353
0.251, 0.869, 8.581
0.251, 0.869, 8.581
-0.01, -3.991, 9.05
-0.153, -2.461, 13.285
-1.077, 3.062, 11.226
-1.606, 2.191, 11.243
-0.9, -2.662, 6.804
-0.97, -0.52, 13.371
1.365, 1.578, 8.978
0.062, -2.43, 8.799
0.062, -2.43, 8.799
-0.373, 3.603, 12.612
2.093, 0.572, 8.803
-0.649, -1.336, 7.393
-0.864, 0.625, 10.51
0.189, -2.157, 10.884
0.194, -2.478, 9.751
1.12, 3.618, 9.761
0.388, 2.32, 8.619
0.388, 2.32, 8.619
-1.118, -2.837, 6.998
1.808, 1.192, 7.822
1.808, 1.192, 7.822
-1.061, -1.618, 8.937
0.436, 2.511, 9.486
-1.209, -0.235, 8.633
-1.209, -0.235, 8.633
-0.062, 1.199, 10.158
-0.953, 2.452, 3.237
-0.84, 0.706, 12.557
0.285, 1.709, 12.919
0.285, 1.709, 12.919
-0.263, 1.705, 8.131
0.493, -0.266, 10.522
-0.484, -1.104, 12.138
-0.268, -1.513, 12.399
-0.919, 0.812, 14.885
-0.919, 0.812, 14.885
-0.833, 1.875, 6.033
0.079, -1.705, 11.669
0.792, -1.113, 11.119
-0.606, 0.187, 14.02
0.215, 0.026, 10.798
0.215, 0.026, 10.798
-0.105, -1.379, 10.817
0.654, -1.281, 9.984
0.654, -1.281, 9.984
0.28, 0.383, 10.386
-0.651, 3.194, 12.043
0.778, -4.693, 8.913
0.778, -4.693, 8.913
-0.651, -0.072, 13.599
0.239, -0.484, 10.015
0.239, -0.484, 10.015
-1.087, -1.482, 9.512
1.609, 1.341, 11.786
0.668, 0.622, 10.92
0.668, 0.622, 10.92
-0.326, -1.338, 6.445
2.825, 3.864, 12.514
0.532, -1.896, 10.18
0.532, -1.896, 10.18
-0.347, 4.968, 10.197
-0.927, -0.278, 6.292
-0.927, -0.278, 6.292
0.713, 0.541, 11.128
-0.558, 0.419, 9.091
-0.558, 0.419, 9.091
-0.728, 0.395, 10.293
0.541, 0.953, 10.381
0.141, 0.048, 8.607
0.141, 0.048, 8.607
0.146, 0.402, 10.024
0.725, 0.958, 10.609
-0.22, -1.24, 7.975
0.455, 2.095, 11.554
0.821, 2.236, 1.817
-0.34, -1.741, 7.642
-0.517, 0.577, 12.96
-0.029, 1.104, 8.317
-0.029, 1.104, 8.317
0.831, -0.199, 11.214
-0.144, 0.96, 7.405
-0.283, 0.536, 9.981
0.086, -0.438, 12.383
-0.309, -0.445, 11.418
-0.383, 0.081, 11.597
0.036, -0.407, 9.66
0.151, -0.567, 9.364
0.34, -1.147, 9.67
0.187, -0.182, 11.648
-0.864, 0.828, 11.734
-0.199, -0.759, 9.802
0.148, 0.675, 12.27
0.148, 0.675, 12.27
-0.177, -0.163, 8.533
0.297, 1.958, 10.568
-0.804, -1.798, 8.717
-0.634, -2.306, 10.369
0.996, 2.069, 10.034
0.996, 2.069, 10.034
0.464, 0.407, 10.477
-0.591, 1.092, 7.812
0.424, 1.788, 8.861
0.359, -0.168, 10.312
0.359, -0.168, 10.312
-0.22, -0.089, 8.808
2.016, 3.002, 10.592
0.45, 0.165, 9.842
0.608, -0.129, 9.443
0.093, 0.986, 11.121
0.108, 0.079, 10.376
1.336, 1.745, 10.434
1.336, 1.745, 10.434
0.548, -0.706, 10.178
0.479, 0.474, 10.678
-0.079, 0.426, 10.632
-0.079, 0.426, 10.632
-0.424, -0.271, 9.974
-0.67, 0.848, 10.07
0.328, -0.182, 9.225
0.328, -0.182, 9.225
-0.555, -0.098, 10.652
0.175, 2.016, 5.214
0.175, 2.016, 5.214
0.474, -0.795, 10.714
0.247, 0.735, 7.956
-0.17, -1.085, 9.107
-0.306, -0.871, 9.071
-0.105, 0.189, 11.248
0.172, 1.518, 9.074
1.12, -1.166, 10.127
0.019, -0.725, 12.284
1.025, 0.709, 10.18
0.431, -0.553, 12.083
0.225, -0.417, 12.476
0.225, -0.417, 12.476
-0.292, 0.555, 9.653
0.141, 0.721, 11.336
-0.529, 0.567, 11.856
-0.529, 0.567, 11.856
1.051, -0.28, 9.651
0.869, 0.733, 11.245
0.869, 0.733, 11.245
-0.072, 0.46, 9.9
0.579, -2.763, 9.086
0.579, -2.763, 9.086
-0.294, 0.194, 11.672
-2.344, 3.06, 7.082
-0.378, -0.601, 9.476
-0.048, 3.029, 11.288
2.519, 1.793, 8.097
0.711, 0.567, 8.073
-0.05, -0.508, 9.007
2.909, 3.031, 9.955
-0.163, -1.029, 11.492
-0.163, -1.029, 11.492
0.646, 0.227, 10.386
-0.941, 1.216, 9.711
-0.778, 1.073, 10.463
-0.493, -0.122, 11.004
0.532, 1.24, 9.835
0.532, 1.24, 9.835
0.613, -1.015, 9.936
0.898, 0.929, 9.198
0.898, 0.929, 9.198
-0.034, 1.063, 10.264
-0.57, 0.666, 11.327
-0.33, -0.333, 9.373
-0.445, -0.22, 9.531
-0.577, -0.005, 10.247
-0.534, 1.872, 4.034
-0.534, 1.872, 4.034
0.991, -0.412, 8.966
0.318, 0.891, 12.742
0.318, 0.891, 12.742
0.96, -0.215, 7.262
1.142, 2.155, 10.908
0.651, 0.886, 7.08
0.002, -0.563, 9.608
0.002, 0.982, 13.422
0.268, 0.522, 9.668
0.268, 0.522, 9.668
0.227, 0.211, 10.35
0.175, 0.024, 10.419
0.175, 0.024, 10.419
-0.328, 0.745, 12.11
-0.498, -0.12, 11.616
-1.044, 0.316, 10.807
0.333, 0.512, 9.809
0.333, 0.512, 9.809
1.029, 1.226, 10.352
0.824, 0.692, 11.763
-0.893, -2.183, 5.212
-0.893, -2.183, 5.212
0.764, -1.688, 11.966
0.883, 3.807, 5.212
-0.072, 0.419, 10.544
-0.429, 2.543, 11.25
-0.429, 2.543, 11.25
1.537, 1.606, 9.823
0.17, -0.481, 8.533
1.156, 2.116, 9.847
1.156, 2.116, 9.847
-0.474, 0.905, 11.521
0.136, -0.895, 9.036
0.182, 1.434, 9.115
0.639, 1.53, 9.727
-0.51, -1.961, 8.724
0.541, 2.535, 7.877
0.541, 2.535, 7.877
0.457, -0.333, 9.378
-0.314, 0.352, 12.177
0.024, 0.596, 9.517
-0.682, 1.101, 9.522
-0.055, 0.828, 9.739
0.048, 0.194, 8.969
-0.405, 0.948, 11.542
-0.405, 0.948, 11.542
1.137, -1.357, 8.732
2.531, 0.421, 7.791
-0.472, -1.944, 10.788
-0.472, -1.944, 10.788
1.451, 0.936, 11.202
0.474, -1.171, 12.095
-0.192, 0.642, 7.807
-0.668, -0.395, 12.241
0.271, -0.563, 11.482
-0.06, 0.299, 11.107
-0.06, 0.299, 11.107
-0.227, -0.694, 11.181
0.352, -0.725, 9.452
-0.074, -0.024, 11.066
-0.074, -0.024, 11.066
-0.05, 0.874, 10.915
-0.819, 0.886, 10.185
-0.761, 0.46, 11.051
0.656, 0.227, 8.811
-0.136, 0.958, 8.296
-0.136, 0.958, 8.296
-0.158, 0.28, 10.125
1.398, 2.648, 8.499
0.989, -1.338, 7.609
-1.144, 1.911, 5.988
-1.144, 1.911, 5.988
-1.709, -0.857, 8.636
-0.792, 1.98, 10.774
0.072, 0.474, 10.544
-0.302, 1.209, 9.9
-0.306, -0.663, 11.001
-1.374, 2.279, 10.913
-1.374, 2.279, 10.913
0.67, -0.881, 12.256
0.306, 1.595, 10.01
0.306, 1.595, 10.01
-0.11, -0.146, 9.627
-0.577, 0.982, 9.589
-0.381, 0.534, 11.267
0.204, 0.579, 9.44
-0.378, -1.523, 10.891
-0.378, -1.523, 10.891
-0.852, 2.172, 8.782
1.108, 0.721, 8.471
-0.472, -0.158, 9.603
-0.699, -0.038, 10.221
0.182, 0.321, 11.588
0.488, 1.032, 9.385
0.603, 0.931, 8.902
1.326, 0.646, 5.842
-0.089, 2.665, 6.814
0.986, -1.489, 8.061
1.207, -0.29, 9.481
-0.393, 1.623, 10.671
0.402, 1.331, 8.576
0.824, -0.285, 9.953
0.239, 0.285, 11.303
-0.582, -0.311, 11.119
-0.567, -1.508, 13.125
-0.342, 1.499, 11.877
0.405, -0.34, 8.198
-0.431, -0.476, 11.76
0.752, 2.55, 11.569
0.524, -0.338, 12.395
0.759, 0.362, 10.788
0.759, 0.362, 10.788
-0.081, 0.831, 8.396
0.388, 0.038, 9.598
-0.749, -0.232, 9.763
0.63, 3.838, 10.75
0.63, 3.838, 10.75
0.986, -1.494, 5.873
-0.043, -3.414, 8.492
1.039, 2.507, 8.32
-1.293, -0.34, 12.478
-0.73, 0.74, 9.823
0.673, 2.064, 11.48
-0.184, 0.706, 8.099
-0.134, 0.498, 9.761
0.256, 1.736, 8.827
-0.223, 0.328, 11.456
-1.061, -2.152, 8.983
-0.156, 2.387, 13.659
-0.156, 2.387, 13.659
1.561, 0.503, 9.088
0.227, -0.733, 9.625
0.567, 0.297, 10.46
0.67, 0.225, 10.944
-0.06, -0.395, 10.182
0.261, 0.718, 11.32
-0.053, 1.489, 11.253
-0.053, 1.489, 11.253
0.9, -0.151, 10.118
-0.153, 0.596, 10.297
-0.124, 1.111, 9.735
0.567, 0.268, 9.823
0.567, 0.268, 9.823
0.668, 1.341, 6.862
-0.072, 0.05, 10.673
0.721, 0.747, 11.64
0.97, -1.353, 9.294
0.354, 1.063, 12.423
0.354, 1.063, 12.423
-0.232, 1.374, 7.724
-0.218, 0.85, 11.221
-1.154, -1.085, 10.17
-0.034, 0.802, 13.671
0.505, 0.366, 11.016
0.654, -1.527, 9.692
0.579, -1.602, 9.598
-0.907, 1.235, 10.467
-0.907, 1.235, 10.467
-1.458, -0.426, 9.141
0.199, 1.18, 9.215
0.199, 1.18, 9.215
1.068, 0.46, 9.581
0.673, 0.725, 9.943
0.474, 2.48, 8.672
0.991, -2.823, 7.369
0.991, -2.823, 7.369
-0.261, 1.008, 10.996
-0.395, -0.208, 11.384
-0.395, -0.208, 11.384
-0.271, -0.539, 9.019
-0.304, 1.355, 10.0
-0.304, 1.355, 10.0
-0.113, 0.366, 10.465
0.9, -2.373, 8.988
2.066, 0.225, 10.843
0.05, -0.701, 6.045
0.05, -0.701, 6.045
0.124, 1.635, 10.127
-0.182, 0.721, 8.741
-1.135, -0.91, 10.187
-0.211, 1.312, 12.007
-1.334, 0.481, 9.112
-0.917, 0.596, 10.757
0.098, 0.577, 11.051
-0.771, -0.067, 9.546
-0.038, 0.443, 9.277
-0.922, -0.254, 12.112
-0.922, -0.254, 12.112
0.041, 0.989, 9.672
-0.124, 0.73, 10.714
-0.383, 1.685, 7.661
-0.383, 1.685, 7.661
0.656, -1.566, 12.45
0.953, -0.481, 12.038
0.709, 0.029, 10.328
0.802, -0.026, 10.309
1.611, 1.269, 11.47
-0.373, -0.204, 11.159
-0.852, 0.91, 11.976
-0.852, 0.91, 11.976
0.254, 0.582, 11.449
0.141, 0.594, 10.515
-1.015, 0.819, 8.794
-1.015, 0.819, 8.794
-0.749, 1.865, 11.104
0.333, 0.749, 11.437
0.048, 0.405, 9.852
0.048, 0.405, 9.852
-0.06, 2.432, 8.947
0.194, -0.407, 8.346
-0.484, 0.194, 10.532
-0.012, -0.079, 8.483
-0.012, -0.079, 8.483
-0.984, -1.944, 8.327
1.633, 2.567, 10.546
0.328, 0.189, 9.632
-0.11, -0.587, 11.693
-0.11, -0.587, 11.693
0.357, 1.52, 10.407
0.0, -1.53, 9.378
0.0, -1.53, 9.378
-0.5, 2.686, 10.707
-0.934, -1.851, 8.217
-0.117, 2.459, 11.784
1.889, 1.243, 7.453
0.366, -1.29, 9.754
0.541, 0.582, 9.426
0.393, 1.302, 8.904
0.393, 1.302, 8.904
0.019, 0.584, 8.93
0.074, 0.17, 10.779
-0.369, 0.043, 7.937
-0.967, 0.706, 9.256
-0.967, 0.706, 9.256
0.022, 0.414, 11.99
0.292, -0.366, 8.597
-0.014, 1.288, 8.882
-0.16, 0.405, 9.22
-0.16, 0.405, 9.22
0.373, 0.223, 12.272
-0.285, 0.397, 9.435
0.572, 0.754, 9.172
0.63, -0.084, 9.28
-0.146, -0.103, 10.939
-0.146, -0.103, 10.939
0.742, 0.455, 9.613
0.845, -1.032, 11.114
-0.723, 1.31, 7.578
-0.723, 1.31, 7.578
-0.378, 1.556, 9.488
-0.101, 1.391, 11.042
-0.101, 1.391, 11.042
-1.008, 0.953, 8.346
-0.749, -0.833, 10.24
0.132, 0.271, 10.015
0.132, 0.271, 10.015
0.637, 1.199, 9.953
0.532, -0.184, 10.597
0.532, -0.184, 10.597
0.244, -0.254, 8.873
-0.405, 1.068, 8.188
-0.366, 0.788, 8.394
0.589, 0.242, 8.724
-0.079, -0.429, 11.224
-0.079, -0.429, 11.224
0.208, 0.955, 10.254
-0.223, 0.134, 8.957
-0.223, 0.134, 8.957
0.304, 0.766, 12.387
-1.166, 1.348, 9.756
0.395, 1.211, 10.142
0.591, 1.396, 10.259
0.845, -0.646, 11.454
-0.874, 1.295, 9.593
0.057, 1.741, 11.231
0.057, 1.741, 11.231
0.113, 2.301, 9.423
0.735, -0.539, 9.332
1.286, 1.781, 10.477
1.286, 1.781, 10.477
0.029, 1.123, 8.633
1.041, 0.053, 11.028
0.101, 0.857, 10.415
-0.187, 1.415, 8.339
-0.187, 1.415, 8.339
0.747, 2.325, 9.0
0.658, 0.728, 11.753
0.364, 1.14, 8.708
-0.776, 0.735, 11.997
-0.776, 0.735, 11.997
-1.128, 0.792, 10.704
-0.84, 1.508, 13.793
-0.84, 1.508, 13.793
-0.419, 1.314, 10.714
-0.285, 1.721, 10.788
-0.285, 1.721, 10.788
0.429, 0.235, 10.012
0.45, 0.352, 9.833
-0.4, 1.494, 9.651
-0.8, 0.757, 10.269
-0.8, 0.757, 10.269
0.098, 1.484, 9.091
-0.412, 1.741, 8.803
0.764, 0.225, 10.283
-0.713, 0.381, 8.358
0.591, -1.202, 7.431
0.814, 0.172, 11.707
0.814, 0.172, 11.707
-1.219, 3.819, 5.155
-0.962, 0.766, 9.112
-0.962, 0.766, 9.112
0.953, 2.045, 9.32
0.426, 0.927, 9.122
0.034, -0.115, 8.93
0.034, -0.115, 8.93
1.283, 2.892, 11.971
-0.378, 0.357, 11.782
-0.134, 3.661, 11.451
-0.283, 0.517, 9.881
-0.283, 0.517, 9.881
-0.611, -0.532, 8.37
1.372, 0.215, 10.877
-0.51, 0.998, 9.395
-0.51, 0.998, 9.395
-0.354, 0.905, 10.254
2.037, -0.306, 11.334
-0.292, -0.11, 10.427
-0.292, -0.11, 10.427
0.034, 1.523, 9.529
-0.508, 1.235, 11.602
0.421, 0.582, 7.467
0.433, 1.116, 6.701
0.323, 0.364, 10.35
-0.199, 0.103, 9.364
-0.199, 0.103, 9.364
0.874, -0.879, 9.115
-0.9, 2.045, 9.857
0.692, 1.31, 10.113
-0.567, 1.69, 9.165
-0.555, 1.132, 12.612
-0.431, 1.003, 12.749
0.68, 1.355, 9.713
-0.637, 0.879, 9.644
0.498, 2.025, 10.161
0.498, 2.025, 10.161
0.814, 0.326, 11.063
-1.341, -0.522, 9.562
-0.577, 2.782, 13.467
0.589, -0.567, 10.929
0.589, -0.567, 10.929
0.196, 0.644, 7.484
-0.347, -1.331, 6.603
-0.347, -1.331, 6.603
-0.601, -1.257, 12.002
0.943, 2.899, 7.831
0.316, 1.573, 12.699
0.807, 1.779, 9.383
0.807, 1.779, 9.383
-0.024, 2.231, 8.322
-1.432, -0.584, 9.368
-0.268, 0.335, 12.431
0.05, 2.526, 8.669
0.802, 1.082, 7.235
0.802, 1.082, 7.235
0.215, 1.343, 10.135
0.213, 1.07, 8.976
0.153, -0.529, 12.031
0.57, 1.329, 10.19
0.306, 0.962, 7.853
0.682, 1.173, 7.781
0.189, 0.833, 10.151
0.189, 0.833, 10.151
0.208, -0.869, 8.657
1.362, 1.19, 8.497
1.362, 1.19, 8.497
-0.194, 0.563, 9.742
0.539, 2.83, 7.999
0.52, 2.691, 8.083
0.127, -0.67, 13.331
0.127, -0.67, 13.331
-1.219, 2.614, 8.755
1.159, 0.132, 13.18
0.268, -1.14, 6.84
-0.955, 0.314, 9.598
0.599, 0.812, 14.485
0.23, -0.946, 6.72
0.862, 0.017, 13.728
-0.591, 2.545, 6.874
0.78, 0.488, 13.326
-0.481, 0.244, 7.64
0.773, 0.599, 13.752
0.452, 0.742, 7.341
0.567, 1.228, 10.233
-0.441, 1.082, 10.577
-0.441, 1.082, 10.577
-0.297, 0.579, 11.775
0.96, -0.093, 9.179
-0.06, -0.809, 8.435
-0.079, -0.292, 8.767
-0.946, 2.665, 11.964
0.002, 1.697, 10.01
-0.321, -1.13, 10.027
-0.685, 2.303, 8.131
-0.273, 1.329, 8.995
1.738, 0.17, 9.031
0.034, -1.053, 5.095
0.031, -0.606, 5.887
-0.065, 1.846, 10.063
-0.848, 2.31, 12.756
-0.848, 2.31, 12.756
0.967, 1.247, 6.488
-0.287, -0.532, 8.849
0.694, -0.867, 9.148
-0.022, 0.986, 11.43
0.773, 2.624, 7.745
0.532, 0.105, 9.378
0.634, -0.122, 9.045
-1.046, 0.9, 9.864
-0.4, 0.575, 12.131
-1.008, 0.917, 9.72
-0.189, 0.393, 10.477
-0.797, -0.9, 7.508
0.831, 1.812, 10.676
-0.292, -2.188, 12.589
-0.292, -2.188, 12.589
0.565, 1.46, 10.379
0.134, 0.278, 9.249
0.285, 0.208, 9.031
-0.153, 0.527, 11.413
-0.153, 0.527, 11.413
-0.421, 0.445, 12.088
-0.136, 0.419, 10.338
-0.136, 0.419, 10.338
0.905, 1.829, 10.185
0.369, 0.429, 8.988
-0.706, 0.35, 10.613
-0.821, -0.115, 10.237
-0.864, 2.253, 9.364
-0.622, 2.2, 9.184
0.177, 0.503, 9.517
0.177, 0.503, 9.517
1.544, -0.764, 8.88
-0.589, 0.268, 8.691
1.046, 2.897, 10.599
1.046, 2.897, 10.599
-1.456, 1.559, 7.846
-0.639, -0.778, 11.789
-0.113, 1.999, 9.191
-1.341, 1.322, 9.605
-0.622, -1.343, 10.867
-0.994, 2.799, 10.233
0.936, 0.026, 11.322
-0.405, 0.189, 8.49
-0.405, 0.189, 8.49
0.522, 2.325, 8.219
-0.122, -2.583, 6.811
-0.436, -2.423, 5.952
1.307, 1.202, 7.522
1.307, 1.202, 7.522
0.709, 0.405, 12.51
1.53, 1.537, 12.565
1.53, 1.537, 12.565
1.243, -0.711, 9.514
-0.347, 0.029, 10.759
0.105, 1.185, 11.085
-0.831, 0.371, 11.688
-0.874, -0.024, 10.477
1.326, 0.546, 8.044
0.977, 0.223, 13.805
0.977, 0.223, 13.805
0.534, 1.041, 10.582
0.484, -0.517, 11.921
0.486, -0.752, 11.511
0.486, -0.752, 11.511
0.517, 1.544, 9.926
0.309, -0.055, 13.553
0.309, -0.055, 13.553
1.434, -0.345, 7.987
0.429, -2.109, 9.074
-0.314, 3.543, 9.687
2.025, 1.602, 8.712
-0.385, 2.634, 11.051
-0.385, 2.634, 11.051
0.433, 0.905, 8.698
-1.504, 3.258, 8.729
0.508, 1.602, 8.303
0.876, 1.75, 9.409
0.476, -1.578, 10.601
-0.101, -0.469, 9.629
0.357, 2.04, 9.447
1.389, -0.283, 8.559
-0.385, 0.883, 9.117
0.225, 1.494, 9.033
1.334, -0.469, 7.982
1.334, -0.469, 7.982
1.35, 0.488, 10.841
0.567, -0.572, 11.334
-0.074, -0.074, 10.932
-0.074, -0.074, 10.932
0.515, -0.474, 11.784
-1.24, 1.805, 11.621
0.117, -0.776, 11.018
-0.345, -0.764, 9.921
-0.915, 3.376, 9.445
0.713, -2.485, 10.431
1.152, -3.285, 10.266
0.235, 0.56, 14.504
-1.046, 0.136, 13.218
-1.046, 0.136, 13.218
-0.294, -1.427, 8.059
0.594, 1.372, 6.874
0.378, 2.818, 6.105
-0.69, -2.21, 10.113
-0.69, -2.21, 10.113
0.706, -0.089, 10.716
-1.75, -0.864, 5.42
-1.75, -0.864, 5.42
0.132, 3.223, 12.486
-0.278, 0.201, 7.982
-0.12, -0.675, 12.213
1.319, 0.306, 12.998
0.876, 0.354, 9.117
0.582, 2.212, 11.906
0.16, -2.856, 7.786
-0.876, 0.096, 14.676
-0.067, 1.08, 10.791
-0.067, 1.08, 10.791
-2.004, 0.517, 11.384
-0.78, 0.709, 9.931
1.367, -2.33, 8.155
1.367, -2.33, 8.155
0.965, 1.693, 10.503
0.445, 0.912, 15.722
-2.43, 3.285, 4.843
1.283, -3.337, 7.393
1.283, -3.337, 7.393
0.055, 1.221, 10.767
0.826, 0.156, 10.415
-0.306, 0.795, 12.562
-1.046, -1.223, 8.557
0.656, 2.2, 13.652
0.656, 2.2, 13.652
1.039, 0.95, 6.153
0.263, -1.022, 11.925
0.385, -0.192, 11.748
-0.735, 0.685, 7.896
0.723, 0.22, 9.105
0.723, 0.22, 9.105
0.737, 1.31, 7.829
0.721, -0.084, 12.615
-1.288, 0.788, 10.649
-0.204, -0.436, 11.03
0.625, 1.245, 10.515
-0.862, 1.47, 9.519
-0.862, 1.47, 9.519
-0.057, -3.187, 5.578
-0.941, 2.796, 9.689
1.539, -0.251, 12.49
0.072, -1.506, 11.94
0.242, -0.122, 9.689
0.242, -0.122, 9.689
0.649, 2.49, 10.683
0.802, -1.07, 13.544
0.802, -1.07, 13.544
0.704, 2.32, 12.184
0.572, -1.08, 11.008
0.749, 1.149, 10.905
0.907, 1.14, 10.367
0.153, -1.583, 13.012
-0.74, 2.952, 11.7
-0.74, 2.952, 11.7
0.139, -0.18, 11.746
0.335, 0.16, 11.473
0.716, 0.041, 11.511
0.716, 0.041, 11.511
1.061, 2.801, 12.012
1.429, -4.513, 8.916
-1.02, 0.328, 12.861
-0.943, -1.733, 11.43
-0.469, -0.187, 10.618
0.148, 0.318, 12.0
1.484, 3.716, 8.808
0.903, -0.223, 7.465
0.002, -1.19, 8.641
0.002, -1.19, 8.641
0.603, 4.353, 9.792
0.474, -0.424, 6.141
0.474, -0.424, 6.141
0.038, 1.142, 10.915
-0.189, 3.081, 9.04
-0.385, 0.472, 9.452
1.156, 2.361, 9.083
1.156, 2.361, 9.083
1.037, -1.523, 10.494
-0.998, 2.523, 11.638
-0.443, 0.994, 12.272
-0.443, 0.994, 12.272
0.34, 1.444, 8.207
0.917, -0.972, 9.579
2.093, 3.165, 10.429
2.093, 3.165, 10.429
0.625, -1.034, 11.375
-1.556, 0.766, 12.289
