0.247, 0.797, 8.631
0.247, 0.797, 8.631
0.522, 0.601, 10.769
0.802, 1.788, 10.218
0.34, -0.309, 9.548
0.055, -0.034, 9.718
0.699, 1.75, 10.233
0.273, 0.45, 10.271
0.273, 0.45, 10.271
0.754, 1.255, 9.941
0.869, 0.156, 9.694
0.869, 0.156, 9.694
0.153, -0.01, 9.833
0.68, 2.334, 10.072
1.116, -1.559, 9.687
1.116, -1.559, 9.687
0.287, 1.623, 11.083
1.853, 1.595, 9.512
-0.445, 0.306, 9.991
0.326, 0.982, 10.099
0.223, 0.713, 9.749
0.773, 1.142, 9.735
0.409, 0.797, 9.857
0.409, 0.797, 9.857
0.752, 0.78, 10.644
0.287, 0.455, 9.459
0.328, 1.425, 9.845
0.536, 1.408, 9.986
0.285, 0.536, 10.187
0.405, 0.898, 10.23
0.01, 1.159, 10.336
0.01, 1.159, 10.336
0.455, 0.462, 10.24
-0.041, 0.706, 10.084
-0.096, 0.848, 10.206
-0.029, 0.292, 10.123
-0.029, 0.292, 10.123
-0.108, 0.998, 10.326
-0.084, 0.596, 8.949
0.529, 0.479, 10.091
0.613, 0.517, 9.814
0.85, 0.558, 9.886
0.467, 1.039, 9.392
0.467, 1.039, 9.392
0.522, 0.905, 9.206
0.663, -0.113, 9.761
0.472, 1.927, 10.98
0.299, 0.486, 8.423
-0.084, -0.663, 9.713
-0.084, -0.663, 9.713
0.479, 1.02, 10.23
-0.271, -0.354, 10.297
-0.05, -0.342, 10.338
0.474, -0.026, 11.284
-0.041, 0.876, 10.209
-0.086, -0.752, 10.017
-0.086, -0.752, 10.017
0.833, 0.278, 11.619
-0.622, 0.855, 9.747
0.505, -0.225, 9.864
0.505, -0.225, 9.864
0.747, 1.317, 8.875
0.713, 0.271, 10.146
0.713, 0.271, 10.146
1.156, -0.201, 9.61
0.062, 0.364, 10.779
0.148, 0.235, 10.135
-0.486, -0.144, 9.32
-0.237, 0.771, 9.565
-0.237, 0.771, 9.565
-0.273, -1.195, 11.162
0.168, 0.675, 10.364
-0.338, -0.127, 9.071
-0.338, -0.127, 9.071
0.706, 0.716, 11.502
0.388, -0.12, 7.795
-0.053, 0.888, 9.05
-0.053, 0.888, 9.05
0.888, -0.323, 9.584
0.613, 0.328, 10.431
0.613, 0.328, 10.431
0.675, 0.831, 10.486
0.275, 0.244, 9.799
-0.007, 0.807, 9.613
0.23, 0.227, 10.333
0.23, 0.227, 10.333
0.079, -0.548, 10.767
0.218, 1.271, 11.64
0.496, -0.038, 10.659
0.433, 1.085, 9.553
0.433, 1.085, 9.553
0.644, 0.785, 10.197
0.11, 1.092, 8.837
0.395, -0.962, 9.115
0.395, -0.962, 9.115
0.96, 1.86, 9.299
0.52, -0.886, 9.241
0.52, -0.886, 9.241
1.13, 1.118, 10.671
-0.491, 0.177, 9.483
-0.036, 0.994, 11.138
-0.057, 1.243, 9.632
-0.079, 0.323, 9.409
-0.069, 0.151, 9.744
0.658, 1.183, 10.664
0.613, 0.661, 9.957
0.436, 0.369, 10.965
0.251, 0.721, 10.731
0.251, 0.721, 10.731
0.247, 0.079, 8.959
0.735, 0.532, 9.96
0.405, 0.587, 9.917
1.329, 0.055, 10.036
0.462, 0.831, 9.423
0.249, 1.226, 10.422
0.294, 1.199, 10.393
0.175, -0.014, 10.206
0.491, 1.633, 9.993
0.491, 1.633, 9.993
0.261, 0.524, 9.038
0.34, 1.571, 10.647
0.34, 1.571, 10.647
0.412, 0.91, 9.476
0.512, 0.4, 10.044
0.757, 0.692, 10.34
0.757, 0.692, 10.34
-0.175, -0.433, 9.9
0.721, 0.452, 9.627
0.227, 0.656, 9.409
0.227, 0.656, 9.409
0.452, -0.213, 9.804
1.022, 0.362, 10.158
1.022, 0.362, 10.158
0.565, 0.002, 9.921
0.843, 0.905, 10.084
0.136, 0.304, 7.695
0.136, 0.304, 7.695
0.014, 0.867, 8.921
0.266, 0.639, 11.3
-0.685, 0.239, 11.688
-0.685, 0.239, 11.688
0.646, 0.211, 10.206
-0.457, 0.699, 10.767
-0.457, 0.699, 10.767
0.072, -0.419, 10.288
0.443, -0.127, 11.391
0.338, -0.254, 10.984
0.924, 0.637, 9.917
0.402, -1.123, 10.319
0.402, -1.123, 10.319
-0.306, -0.026, 9.665
0.385, 1.161, 11.583
0.232, -0.821, 9.72
0.232, -0.821, 9.72
0.165, 1.707, 10.118
0.723, 1.202, 9.117
0.175, 0.29, 10.616
0.175, 0.29, 10.616
0.433, 1.468, 9.615
-0.172, -0.802, 9.917
0.192, 1.446, 9.538
0.192, 1.446, 9.538
0.51, 1.76, 8.973
0.029, -0.136, 10.482
0.029, -0.136, 10.482
0.639, 0.73, 8.66
0.096, 0.139, 9.814
0.096, 0.139, 9.814
1.506, 0.472, 10.012
0.457, 0.266, 9.639
1.367, 0.555, 10.214
-0.007, -1.949, 8.229
0.338, -0.524, 11.806
0.424, -0.184, 12.237
0.345, -0.12, 9.069
0.409, -0.318, 9.203
-0.903, 0.52, 10.424
1.154, 0.898, 10.989
0.0, 0.376, 10.044
-0.153, 0.314, 10.956
0.113, 1.118, 10.436
0.113, 1.118, 10.436
-0.297, 0.582, 8.595
0.225, -0.625, 11.277
0.563, 0.455, 9.344
0.431, 0.189, 9.263
0.431, 0.189, 9.263
0.836, 0.874, 9.699
0.259, 0.39, 7.918
0.254, -0.414, 9.675
0.254, -0.414, 9.675
0.316, 0.73, 9.172
0.196, 0.235, 9.038
0.338, 0.074, 10.35
0.175, 1.19, 9.586
-0.103, 0.429, 9.862
-0.103, 0.429, 9.862
0.536, -0.251, 9.337
0.555, 0.448, 8.593
0.555, 0.448, 8.593
0.436, -0.314, 10.17
0.498, -0.113, 9.136
0.256, 0.342, 9.409
0.256, 0.342, 9.409
0.402, -0.019, 10.714
0.323, 0.95, 9.61
0.235, 0.045, 9.89
-0.045, -0.101, 10.498
0.17, 0.242, 10.666
-0.136, 0.867, 9.711
-0.136, 0.867, 9.711
0.699, -1.29, 9.938
1.355, 1.14, 8.825
0.259, -0.9, 10.194
1.178, -0.306, 10.8
1.178, -0.306, 10.8
0.139, 0.436, 9.38
0.778, 0.026, 10.103
0.769, 0.402, 8.969
0.421, -0.108, 10.137
0.385, 0.096, 10.254
-0.041, 0.35, 8.408
0.991, 0.79, 11.597
-0.747, 0.376, 8.332
-0.747, 0.376, 8.332
-0.211, -0.697, 12.045
0.369, 0.206, 12.122
0.369, 0.206, 12.122
-0.701, -0.285, 8.839
0.302, 0.941, 9.158
0.452, -1.106, 10.929
0.452, -1.106, 10.929
-0.18, -0.113, 10.625
0.29, 1.199, 11.107
0.007, 0.637, 9.107
0.646, -0.333, 8.284
0.436, 0.304, 9.775
0.275, 0.414, 9.392
0.275, 0.414, 9.392
0.591, 0.031, 9.854
0.28, 1.003, 8.791
0.268, 0.716, 8.653
0.472, 0.034, 9.22
0.072, -0.019, 10.872
0.163, 0.098, 10.338
0.163, 0.098, 10.338
-0.103, 0.488, 9.253
0.931, 0.831, 9.079
0.591, 0.01, 8.961
0.321, 0.036, 10.271
0.11, 1.535, 9.256
1.372, 0.529, 9.478
0.836, 0.01, 9.921
1.477, 1.065, 9.816
1.417, 1.029, 9.617
0.043, 1.405, 11.233
0.043, 1.405, 11.233
0.666, 0.97, 9.431
0.579, -0.362, 10.087
0.031, 0.86, 10.831
-0.06, 0.91, 10.427
-0.06, 0.91, 10.427
0.211, -0.036, 9.72
0.484, -0.139, 11.14
-0.57, 0.225, 10.276
-0.57, 0.225, 10.276
-0.148, 0.457, 10.369
0.239, 0.603, 10.127
0.266, 0.649, 10.328
0.845, 0.251, 9.682
0.584, -0.599, 9.517
0.084, 0.06, 10.673
0.496, -0.215, 9.931
0.215, 0.402, 10.881
0.215, 0.402, 10.881
0.484, 0.575, 9.965
0.414, 0.031, 9.976
0.35, -0.357, 9.933
0.426, 0.618, 9.007
0.263, -0.108, 9.919
0.735, 1.046, 9.04
0.735, 1.046, 9.04
0.357, 0.263, 9.716
-0.043, 0.326, 9.081
0.448, -0.026, 9.639
0.541, 0.242, 9.433
0.431, 0.22, 8.935
0.431, 0.22, 8.935
0.678, 0.757, 9.823
0.393, 0.709, 8.729
1.056, -0.967, 9.464
0.462, 0.606, 10.666
0.675, 1.125, 8.837
-0.057, -0.376, 10.149
-0.057, -0.376, 10.149
0.326, 0.199, 8.396
-0.244, -0.563, 9.656
-0.244, -0.563, 9.656
-0.733, -2.188, 12.249
0.153, 1.393, 9.948
-0.733, -1.19, 12.012
-0.223, -1.365, 11.178
0.907, -0.893, 11.99
0.915, -0.86, 11.885
0.994, 0.436, 12.938
0.994, 0.436, 12.938
0.512, 0.685, 8.293
0.692, -0.632, 13.163
0.51, 0.948, 13.91
-0.177, 0.213, 10.091
-0.105, -0.153, 12.27
-0.105, -0.153, 12.27
0.16, 0.184, 8.468
-0.038, 0.701, 10.278
0.204, 0.565, 8.238
0.476, -0.115, 10.163
0.378, -0.029, 10.276
-0.215, 0.871, 8.937
0.069, 0.244, 9.095
0.563, 0.577, 8.336
0.788, 0.342, 9.325
0.752, -0.254, 10.913
0.752, -0.254, 10.913
0.613, -0.146, 9.158
0.35, -0.833, 8.992
0.685, 0.132, 11.269
0.055, 0.95, 9.263
0.055, 0.95, 9.263
-0.287, 0.711, 11.004
0.52, 1.039, 10.403
1.111, -0.807, 7.704
1.111, -0.807, 7.704
-1.003, -1.219, 10.575
1.839, 2.207, 11.006
0.101, -1.554, 9.203
0.101, -1.554, 9.203
1.587, 1.642, 10.7
-0.077, 0.019, 10.194
-0.012, -0.86, 9.938
1.144, 2.658, 9.943
0.608, 1.111, 10.309
0.852, 0.481, 9.919
0.472, 2.614, 12.842
0.788, 1.281, 7.791
-0.551, -1.094, 10.735
-0.551, -1.094, 10.735
0.132, 0.297, 11.073
0.235, 0.953, 10.539
0.113, 0.393, 11.643
0.45, 0.436, 9.28
0.263, 0.577, 11.004
0.232, -0.941, 9.828
0.232, -0.941, 9.828
0.28, 0.441, 9.67
0.204, 0.797, 8.784
-0.065, 0.019, 9.775
0.867, 0.883, 9.651
0.737, 0.445, 9.124
-0.043, 0.053, 9.558
-0.043, 0.053, 9.558
0.67, 0.273, 9.754
-0.069, 0.263, 9.493
0.237, 0.982, 9.124
0.172, 0.134, 9.538
0.199, 0.117, 9.313
0.101, 0.855, 9.428
-0.237, -0.026, 9.455
-0.086, 0.792, 9.886
0.28, 0.309, 10.111
0.098, -0.299, 9.651
0.175, 0.141, 9.663
0.175, 0.141, 9.663
0.462, 0.153, 9.778
0.247, -0.067, 9.749
0.565, 0.141, 9.735
0.347, 1.434, 8.169
0.347, 1.434, 8.169
0.275, 1.954, 9.785
0.967, -0.773, 13.939
0.51, 0.33, 6.68
0.838, 0.553, 12.541
0.086, 1.125, 9.364
0.086, 1.125, 9.364
0.757, -0.28, 11.389
-0.057, -1.367, 11.755
0.96, -0.385, 10.34
0.96, -0.385, 10.34
0.369, 1.305, 10.98
0.469, -0.953, 9.617
0.472, -0.026, 12.217
0.438, 0.093, 10.659
0.081, 0.014, 10.831
0.309, 0.271, 10.065
-0.06, 0.548, 9.026
-0.057, 0.388, 9.064
-0.057, 0.388, 9.064
0.613, -0.429, 9.641
1.228, 0.421, 9.232
1.228, 0.421, 9.232
0.73, -1.441, 9.112
0.366, 0.867, 9.476
0.345, 0.16, 8.839
0.414, -0.002, 9.596
0.002, -0.007, 9.462
-0.007, 1.123, 10.767
-0.007, 1.123, 10.767
0.113, 0.065, 8.068
0.919, 1.039, 8.506
-0.113, -0.225, 10.453
-0.113, -0.225, 10.453
-0.294, -0.053, 9.682
0.311, 1.944, 11.085
0.239, -0.625, 6.629
-0.553, -4.111, 10.13
-0.235, 4.283, 12.495
1.006, -3.517, 10.453
1.006, -3.517, 10.453
0.441, 3.914, 11.516
1.767, 3.45, 8.435
0.673, -1.839, 8.609
-0.493, -2.042, 11.384
-0.539, 1.204, 11.399
1.094, 2.504, 9.292
0.773, 1.846, 10.539
0.864, 1.429, 8.554
0.304, -2.136, 11.482
-0.656, 0.457, 11.921
-0.383, 2.842, 9.677
-0.383, 2.842, 9.677
0.96, -0.86, 8.451
-0.543, -1.085, 8.346
0.508, 1.36, 10.252
0.457, -2.018, 9.797
0.86, 1.595, 10.656
0.517, 1.733, 7.211
0.936, 1.724, 7.211
-0.237, -1.029, 10.463
-0.654, -1.413, 9.172
-0.127, 1.614, 9.297
-0.065, -0.397, 8.42
0.168, -0.105, 9.917
0.201, 1.075, 9.23
0.201, 1.075, 9.23
0.644, -0.795, 9.586
0.733, 1.7, 9.9
0.421, 0.848, 9.857
0.46, 0.625, 9.929
-0.117, -0.342, 10.103
0.996, 1.142, 10.542
0.254, -0.263, 10.635
0.254, -0.263, 10.635
0.869, 0.223, 10.051
0.596, 0.235, 9.162
0.127, -1.326, 9.055
0.127, -1.326, 9.055
0.12, 0.939, 12.158
0.831, 1.468, 9.273
0.309, 0.594, 6.787
0.055, 0.946, 6.459
0.373, 2.775, 7.106
0.46, -0.486, 7.238
-0.086, -1.334, 10.288
0.809, 0.316, 10.604
0.74, -0.441, 10.946
0.536, 2.907, 9.17
0.472, -2.461, 9.742
-0.199, -0.359, 12.052
1.018, 0.754, 13.319
0.675, 0.51, 9.917
1.116, -0.639, 10.86
1.188, 0.445, 7.422
1.35, 0.433, 7.578
0.56, -0.153, 10.704
-0.333, 0.611, 12.454
-0.333, 0.611, 12.454
0.508, -0.213, 11.456
0.84, 0.572, 8.949
0.84, 0.572, 8.949
0.124, 0.034, 9.886
1.008, -0.206, 11.437
-0.204, -0.144, 12.028
-0.206, 0.304, 10.872
-0.017, 0.783, 9.665
-0.017, 0.783, 9.665
-0.153, 0.031, 9.048
0.625, 0.223, 9.818
0.97, 0.754, 10.726
0.251, 0.632, 9.263
0.072, 0.227, 10.082
0.682, 0.096, 8.066
0.256, 0.069, 8.243
0.201, 1.209, 9.828
0.201, 1.209, 9.828
-0.45, 1.425, 9.177
0.455, -3.639, 8.147
0.721, -4.286, 7.865
-0.218, -2.339, 11.418
0.342, 1.161, 9.388
0.342, 1.161, 9.388
-1.231, -2.162, 9.385
1.029, 3.065, 13.467
0.86, -1.719, 9.16
1.516, -0.599, 11.707
1.516, -0.599, 11.707
2.054, 3.009, 9.433
-0.268, -1.499, 9.529
-0.268, -1.499, 9.529
0.249, 1.348, 13.173
0.074, -1.154, 10.879
0.002, -0.831, 10.822
0.929, 0.943, 10.597
0.929, 0.943, 10.597
-0.22, 0.45, 9.706
0.795, 0.848, 11.624
0.934, 0.05, 10.975
-0.625, 0.622, 9.122
-0.395, 1.726, 11.114
0.527, 1.511, 9.364
0.527, 1.511, 9.364
0.426, -0.335, 9.265
0.204, 0.8, 9.091
0.187, 0.589, 9.584
0.395, 0.136, 10.166
0.395, 0.136, 10.166
0.244, -0.256, 9.076
0.345, 0.268, 10.525
0.11, 0.45, 9.888
0.273, -0.328, 9.852
0.273, -0.328, 9.852
0.177, -0.153, 9.771
0.383, 0.4, 9.984
0.383, 0.4, 9.984
0.053, 1.099, 9.754
0.163, 0.625, 8.332
0.163, 0.625, 8.332
0.639, -0.426, 10.106
0.709, 1.104, 9.584
0.567, 0.701, 8.523
0.536, 0.201, 8.765
0.536, 0.201, 8.765
0.407, 1.092, 8.866
0.192, 0.642, 8.595
-0.014, 0.338, 8.779
-0.769, -0.28, 8.746
0.048, 1.559, 11.231
0.484, 1.216, 8.588
0.515, -0.666, 10.101
0.151, 1.295, 10.769
0.151, 1.295, 10.769
0.634, -0.397, 10.364
0.328, 0.488, 9.969
0.328, 0.488, 9.969
0.977, 0.467, 9.34
0.419, -0.321, 10.008
0.275, -0.187, 10.118
0.206, 0.79, 11.183
0.053, 0.115, 10.106
0.165, -0.074, 9.297
0.323, -0.048, 9.553
0.323, -0.048, 9.553
0.39, 1.104, 10.065
-0.124, 0.342, 9.347
-0.124, 0.342, 9.347
0.771, 0.967, 10.412
0.342, -0.108, 10.015
0.309, -0.017, 10.005
0.165, 0.52, 9.701
-0.012, 0.587, 10.525
0.632, 0.077, 10.683
0.931, 0.709, 10.142
0.931, 0.709, 10.142
0.196, 0.132, 10.106
0.096, 0.338, 10.269
0.096, 0.338, 10.269
0.831, 0.091, 10.793
0.292, -0.462, 9.854
0.158, -0.512, 11.039
0.694, 0.821, 10.96
-0.649, -0.452, 11.214
-0.429, -0.16, 10.905
-0.129, 1.738, 10.405
0.369, 0.503, 9.886
0.536, 0.788, 10.137
0.536, 0.788, 10.137
0.417, 0.69, 10.182
0.275, 0.783, 9.627
0.225, 1.008, 9.804
0.601, 0.936, 7.834
0.601, 0.936, 7.834
0.103, -0.093, 10.099
0.06, -0.038, 9.589
0.28, -0.158, 8.957
0.431, 0.067, 9.174
0.369, 0.084, 8.085
-0.014, 0.512, 10.197
0.048, 1.185, 10.376
-0.091, 0.294, 9.807
-0.091, 0.294, 9.807
0.022, -0.247, 10.13
0.141, 0.357, 10.558
0.067, -0.182, 9.031
-0.074, -0.39, 11.092
-0.074, -0.39, 11.092
0.771, 0.998, 10.178
0.812, 0.927, 9.244
0.057, 0.069, 9.385
0.651, -0.18, 10.163
0.69, 0.115, 9.431
0.251, -0.218, 10.431
0.251, -0.218, 10.431
0.553, 0.675, 10.07
0.249, 0.285, 9.778
0.699, 0.321, 10.271
0.699, 0.321, 10.271
1.176, 1.161, 9.632
0.366, -0.187, 9.682
0.366, -0.187, 9.682
0.666, 0.541, 9.744
0.333, 0.304, 9.763
0.182, 0.39, 10.896
0.182, 0.39, 10.896
0.572, -0.048, 9.95
-0.136, 1.188, 10.405
0.306, 1.063, 9.569
0.306, 1.063, 9.569
-0.012, -1.065, 8.928
-0.204, -0.79, 10.312
1.065, 0.687, 9.919
0.017, -0.467, 11.166
-0.256, 1.159, 9.11
-0.383, 1.018, 9.218
0.132, 0.163, 11.2
-0.321, -1.353, 9.15
-0.01, 2.088, 9.787
0.385, -0.043, 10.513
-0.16, -1.966, 9.56
-0.16, -1.966, 9.56
0.33, 1.527, 12.675
0.388, -1.044, 10.929
0.388, -1.044, 10.929
0.225, -0.172, 9.569
0.472, 0.409, 9.754
0.127, 0.144, 10.941
0.182, 0.132, 10.965
0.467, 1.12, 9.89
0.177, 0.227, 8.863
0.369, -0.273, 8.341
0.369, -0.273, 8.341
0.881, 0.831, 9.747
0.546, 0.347, 9.917
0.316, -0.153, 9.014
0.369, 0.12, 10.046
1.255, 0.96, 9.325
0.373, 0.084, 9.342
0.524, 0.065, 10.067
0.833, 1.018, 10.319
0.833, 1.018, 10.319
0.048, -0.797, 10.161
-0.235, -0.096, 10.872
0.52, 0.292, 9.775
0.934, -3.043, 9.438
0.227, 1.52, 11.447
0.242, 1.336, 9.555
0.242, 1.336, 9.555
-0.364, -1.714, 10.135
0.242, 0.275, 10.283
0.019, 1.602, 9.399
0.395, -0.371, 8.662
0.797, 1.477, 9.651
0.919, 1.688, 8.94
0.919, 1.688, 8.94
0.124, -1.772, 9.579
0.18, 1.697, 9.541
0.18, 1.697, 9.541
0.007, -0.409, 10.024
-0.28, 0.12, 10.932
0.132, 1.202, 10.623
0.117, 0.196, 9.445
0.654, -0.084, 10.735
0.654, -0.084, 10.735
0.974, 0.124, 9.826
0.115, 0.608, 10.17
-0.005, -0.199, 9.33
1.214, 0.694, 9.883
0.335, 0.378, 8.964
0.036, -0.278, 10.429
0.036, -0.278, 10.429
0.603, 0.402, 9.802
-0.242, 0.129, 9.493
0.328, 0.211, 10.106
0.23, 0.96, 9.004
0.345, 0.321, 10.759
0.345, 0.321, 10.759
-0.362, -0.532, 8.849
0.012, 1.226, 8.981
0.053, 0.182, 9.869
0.053, 0.182, 9.869
-0.077, -0.077, 8.389
-0.441, 0.69, 9.256
-0.441, 0.69, 9.256
0.053, 0.251, 11.526
-0.024, -0.187, 9.428
0.091, -0.251, 9.684
0.091, -0.251, 9.684
-0.345, -0.285, 11.121
-0.199, 0.397, 10.324
-0.199, 0.397, 10.324
0.062, -0.139, 10.81
0.287, 0.972, 9.021
0.639, -0.139, 9.191
-0.081, -0.12, 10.034
-0.081, -0.12, 10.034
0.733, 0.412, 8.791
0.565, 0.414, 9.941
1.714, 0.019, 9.648
0.857, -0.555, 9.38
0.857, -0.555, 9.38
0.424, -0.342, 10.932
0.484, -0.098, 10.678
0.86, -0.713, 10.51
0.627, 0.007, 10.084
0.06, -0.687, 10.345
0.22, -0.22, 11.2
0.22, -0.22, 11.2
-0.326, 0.713, 10.752
-0.524, -0.283, 10.68
0.306, -0.072, 10.405
0.582, 0.788, 9.098
0.524, 0.742, 8.803
0.766, 0.113, 9.694
0.649, -0.991, 9.445
0.931, 0.864, 8.674
-0.141, -0.814, 9.85
-0.141, -0.814, 9.85
0.792, -0.158, 9.871
0.136, 1.231, 9.246
-0.328, -0.223, 9.632
-0.074, 1.135, 9.526
0.069, 1.065, 9.316
0.096, 0.194, 9.232
0.096, 0.194, 9.232
-0.266, 0.005, 9.711
-0.196, 0.591, 9.85
-0.036, 0.871, 10.008
0.4, 0.084, 9.069
0.077, -0.474, 9.548
0.381, 1.439, 10.367
-1.12, -1.144, 9.637
-0.409, 1.642, 10.896
-0.369, 1.587, 11.195
0.539, 0.807, 9.426
0.546, -0.199, 11.542
0.546, -0.199, 11.542
-0.28, 1.147, 9.356
-0.235, 0.242, 10.352
-0.026, 0.962, 10.209
0.256, 0.742, 9.1
0.256, 0.742, 9.1
0.196, -0.558, 10.594
0.242, 0.33, 10.676
-0.364, -1.108, 9.845
-0.546, -1.037, 9.723
-0.328, 1.12, 9.967
1.034, 0.515, 9.196
0.608, -0.579, 9.759
0.656, 0.469, 9.876
0.656, 0.469, 9.876
0.134, 0.56, 9.546
0.481, -0.591, 9.967
0.421, 0.091, 9.67
0.747, 0.869, 10.925
0.081, -0.335, 9.878
-0.318, -0.225, 10.166
0.192, 0.357, 10.474
0.441, 0.424, 9.287
0.57, -0.292, 9.438
0.448, 0.35, 10.206
-0.208, 0.448, 9.845
-0.208, 0.448, 9.845
-0.5, 0.108, 10.261
0.704, 0.065, 9.917
0.328, 0.778, 9.407
0.113, 0.819, 9.512
0.488, -0.177, 9.206
-0.117, -0.007, 9.684
0.175, 0.493, 8.935
0.146, -0.699, 9.359
0.419, 0.053, 9.265
1.01, -0.778, 10.75
0.067, 0.026, 9.663
0.127, -0.124, 12.002
-0.345, -1.089, 10.046
-0.12, -0.081, 10.623
0.017, -0.184, 10.745
0.292, -0.9, 10.992
0.007, 0.024, 10.151
0.007, 0.024, 10.151
-0.101, 0.062, 10.767
0.175, -0.177, 10.922
-0.007, -0.579, 9.986
-0.091, -0.144, 10.02
0.067, -0.385, 10.4
0.323, -0.536, 9.771
0.105, -0.651, 10.259
0.373, 0.213, 10.501
0.005, -0.225, 10.247
0.287, -0.472, 10.312
0.201, -0.445, 10.192
0.132, 0.153, 9.258
0.05, 0.196, 9.28
-0.089, 0.165, 10.36
0.436, -0.132, 9.06
0.436, -0.132, 9.06
0.268, -0.994, 9.723
0.323, 0.093, 9.704
0.761, -0.132, 8.945
0.371, 0.218, 9.304
0.309, -0.33, 10.252
0.431, 0.481, 10.17
0.431, 0.481, 10.17
0.287, 0.055, 10.065
0.201, -0.086, 9.467
0.249, -0.124, 9.658
0.249, -0.124, 9.658
0.259, 0.17, 9.826
-0.007, -0.606, 9.761
1.353, 1.089, 10.393
0.354, 0.527, 9.038
0.565, -0.316, 10.036
-0.163, 0.113, 9.878
-0.048, 0.146, 10.101
-0.266, -0.572, 9.761
-0.244, -0.177, 10.027
-0.244, -0.177, 10.027
0.819, 0.419, 10.135
0.146, -0.687, 10.441
0.385, -0.412, 10.812
-0.318, 0.122, 10.319
-0.318, 0.122, 10.319
0.263, 0.362, 10.489
0.139, 0.031, 9.62
0.074, -0.242, 10.075
0.309, 0.498, 9.814
0.381, 0.407, 9.878
0.503, -0.905, 9.488
-0.017, 0.852, 10.647
-0.017, 0.852, 10.647
0.208, 0.081, 9.787
0.129, -0.333, 9.924
-0.022, 0.156, 10.197
-0.263, -0.718, 9.478
-0.261, -0.275, 10.348
0.01, 0.34, 9.823
0.01, 0.34, 9.823
0.156, -0.285, 9.364
0.62, -0.385, 10.13
0.649, -0.452, 10.192
0.211, -0.381, 9.558
0.211, -0.381, 9.558
0.311, -0.177, 9.749
-0.165, -0.184, 9.591
0.05, -0.096, 10.13
0.05, -0.096, 10.13
0.23, -0.467, 9.21
0.048, -0.187, 8.89
0.168, 0.491, 8.662
-0.022, 0.11, 9.218
-0.053, 0.12, 8.921
-0.012, 0.517, 9.632
0.551, -0.096, 9.605
0.527, 0.17, 9.924
0.278, 0.139, 9.866
0.278, 0.139, 9.866
0.397, -0.18, 10.06
0.431, 0.639, 9.943
0.206, -0.163, 10.039
-0.156, 0.259, 10.637
-0.024, 0.364, 10.824
0.338, -0.369, 10.544
0.601, 0.117, 11.02
0.476, 0.651, 10.199
0.151, 0.323, 10.187
0.151, 0.323, 10.187
-0.153, -0.115, 10.108
0.16, -0.151, 8.7
0.101, 0.132, 11.803
0.101, 0.132, 11.803
0.113, 0.769, 9.32
0.484, 0.045, 9.162
-0.297, 0.594, 9.299
0.28, 0.903, 11.03
-0.419, -0.709, 8.569
0.306, 0.093, 9.886
0.017, 0.903, 8.827
0.455, -0.709, 9.708
0.455, -0.709, 9.708
0.225, 0.57, 9.68
0.086, 0.117, 10.333
-0.488, 0.148, 9.079
0.165, 0.543, 11.035
0.369, 0.314, 8.123
0.709, 0.572, 10.099
-0.074, -0.515, 10.182
-0.074, -0.515, 10.182
-0.464, 0.869, 10.293
0.113, -0.292, 9.905
-0.194, 0.235, 10.017
-0.194, 0.235, 10.017
0.156, -0.034, 8.894
0.534, 0.0, 10.649
0.479, 0.512, 9.699
0.479, 0.512, 9.699
-0.079, 0.206, 9.23
0.639, 0.543, 10.606
0.766, 0.67, 8.708
0.512, 0.237, 10.69
0.496, 0.539, 8.997
0.462, 0.259, 9.182
0.713, 0.28, 9.517
0.713, 0.28, 9.517
0.809, -0.053, 9.122
0.397, 0.917, 11.061
0.414, 0.876, 10.975
-0.11, 0.144, 9.704
-0.194, 0.084, 9.78
-0.376, 0.165, 8.911
-0.376, 0.165, 8.911
0.129, -0.06, 10.905
0.146, 0.46, 10.846
0.17, 0.232, 10.733
0.17, 0.232, 10.733
-0.172, -0.12, 10.51
0.682, 0.22, 9.83
0.682, 0.22, 9.83
0.306, -2.081, 10.901
0.266, 0.63, 9.862
0.273, 0.867, 10.527
-0.065, 0.117, 11.482
-0.974, 1.025, 9.083
-0.974, 1.025, 9.083
-0.038, -0.148, 11.241
0.029, -0.711, 8.796
-0.053, 0.692, 10.113
0.369, 1.02, 9.833
0.22, -1.468, 9.39
0.218, -0.936, 9.814
0.474, 1.422, 9.589
-0.213, -0.809, 9.28
0.737, 0.481, 9.701
0.737, 0.481, 9.701
0.69, -0.431, 8.262
0.33, -0.16, 10.13
0.33, -0.16, 10.13
0.072, -0.321, 8.811
0.136, -0.464, 9.704
0.136, -0.464, 9.704
0.46, -0.062, 9.708
0.215, -0.204, 9.821
0.409, -0.967, 9.639
0.524, 0.038, 9.874
0.524, 0.038, 9.874
0.541, -0.539, 9.34
0.455, -0.395, 10.125
0.455, -0.395, 10.125
0.39, -0.395, 9.522
0.342, -0.622, 9.538
0.385, -0.584, 10.568
0.156, -1.097, 10.034
0.156, -1.097, 10.034
0.424, -0.687, 11.087
0.33, -0.67, 9.704
0.077, -0.541, 9.814
0.761, -0.869, 10.992
-0.254, -0.912, 10.848
0.108, -0.591, 11.016
0.225, -0.967, 10.372
-0.187, -1.032, 9.608
0.204, -0.663, 10.63
0.204, -0.663, 10.63
0.156, -1.231, 9.483
-0.026, -0.692, 10.324
-0.067, -0.769, 10.273
-0.268, -1.283, 9.897
-0.089, -0.268, 10.695
-0.201, -1.523, 9.378
-0.201, -1.523, 9.378
-0.117, -1.891, 9.826
0.467, -0.802, 10.649
-0.261, -1.343, 9.708
-0.261, -1.343, 9.708
0.532, -1.106, 10.831
-1.106, -0.326, 7.178
0.996, -0.618, 10.965
0.35, -1.099, 7.815
0.122, -1.393, 7.546
-0.237, -3.007, 8.633
-0.929, -0.725, 11.758
0.093, -1.259, 8.427
0.093, -1.259, 8.427
0.359, -2.152, 9.802
