0.536, 0.996, 9.134
0.215, 0.603, 8.547
0.402, 1.937, 10.68
0.455, 1.441, 9.17
0.326, 1.662, 9.498
0.338, 0.565, 9.953
0.335, 1.887, 10.695
0.259, 1.176, 10.048
0.515, 1.195, 10.542
0.661, 1.135, 9.881
0.661, 1.135, 9.881
0.95, 1.753, 9.596
-0.235, 1.061, 9.816
-0.235, 1.061, 9.816
0.292, 1.499, 11.391
0.433, 1.571, 8.801
0.52, 1.015, 11.406
0.12, 0.927, 7.894
0.127, 1.209, 7.896
-0.144, 1.475, 10.798
-0.144, 1.475, 10.798
0.117, 0.96, 8.272
-0.041, 1.312, 7.46
0.244, 2.155, 11.209
0.244, 2.155, 11.209
0.201, 1.19, 8.054
-0.716, 0.84, 8.746
-0.78, 0.831, 8.418
-0.113, 1.209, 8.712
0.627, 0.994, 10.98
-0.328, 1.003, 9.208
-0.328, 1.003, 9.208
0.256, 1.674, 11.044
-0.017, 0.788, 9.821
0.22, 0.931, 10.546
0.634, 1.168, 10.587
0.634, 1.168, 10.587
0.201, 0.725, 9.677
0.472, 1.525, 11.487
0.606, 0.898, 11.142
0.342, 0.895, 9.907
0.488, 1.7, 11.123
0.649, 0.857, 9.687
0.649, 0.857, 9.687
1.516, 1.013, 10.719
0.491, 1.642, 10.403
0.256, -0.062, 8.569
-0.115, 0.05, 10.762
-0.115, 0.05, 10.762
0.215, 2.346, 8.947
0.836, 1.556, 9.723
0.496, -0.364, 8.705
0.043, 1.731, 7.985
0.12, 1.614, 7.678
0.086, 0.074, 10.024
-0.05, 0.845, 8.655
0.807, 1.803, 10.178
0.517, 1.245, 8.128
0.431, 0.567, 10.671
0.931, 1.156, 10.07
0.146, 0.007, 8.854
-0.304, 1.08, 11.49
-0.091, 2.064, 9.421
-0.091, 2.064, 9.421
0.431, 0.388, 10.484
0.419, 0.328, 9.574
0.165, 0.742, 10.151
0.417, 1.24, 10.175
0.737, 0.381, 11.011
0.242, 0.678, 9.605
0.101, 1.338, 10.783
0.101, 1.338, 10.783
-0.098, 0.625, 9.083
0.141, 0.673, 10.249
0.555, 0.893, 9.409
0.555, 0.893, 9.409
0.124, 1.575, 8.93
0.201, 1.178, 10.221
0.237, 1.111, 10.434
0.297, 1.144, 10.484
-0.141, 1.18, 9.814
-0.163, 0.821, 9.617
-0.091, 0.929, 9.601
0.196, 1.132, 9.886
-0.031, 0.642, 9.244
-0.031, 0.642, 9.244
0.661, 0.929, 10.609
0.397, 1.264, 8.87
0.108, 0.773, 9.253
0.108, 0.773, 9.253
0.484, 0.584, 10.623
0.646, 0.773, 9.804
0.543, 0.989, 10.388
0.132, 0.929, 9.701
0.132, 0.929, 9.701
0.12, -0.043, 10.197
0.603, 0.965, 9.929
0.649, 0.357, 8.992
0.701, 0.388, 10.688
1.365, 0.862, 9.713
1.365, 0.862, 9.713
0.807, 1.348, 9.23
0.675, 1.638, 8.743
0.33, 0.749, 10.587
0.455, 0.072, 8.899
0.618, 0.917, 11.564
0.29, 0.876, 8.693
0.244, 0.862, 8.712
0.283, 0.22, 10.465
0.283, 0.22, 10.465
0.912, 1.135, 10.304
0.694, 1.058, 10.98
0.172, 1.614, 10.063
0.596, 0.385, 9.251
0.754, 0.29, 9.246
0.172, 1.152, 9.89
0.218, 0.73, 11.382
0.218, 0.73, 11.382
0.508, 0.821, 9.15
-0.029, 1.549, 8.42
-0.146, 1.475, 10.192
-0.129, 0.924, 9.143
0.242, 1.676, 11.624
-0.218, 1.547, 8.937
-0.218, 1.547, 8.937
0.651, 1.003, 10.343
0.555, 1.647, 9.581
0.017, 1.336, 9.11
0.017, 1.336, 9.11
0.153, 1.587, 10.941
0.869, 0.936, 9.706
0.105, 1.709, 9.651
0.215, 1.408, 9.419
0.215, 1.408, 9.419
0.457, 1.489, 9.687
0.089, 1.652, 10.065
0.254, 1.116, 10.142
0.373, 1.034, 9.979
0.333, 1.214, 9.716
0.625, 1.654, 9.768
0.285, 1.992, 9.519
0.285, 1.992, 9.519
0.804, 2.385, 10.381
0.498, -1.393, 8.916
0.498, -1.393, 8.916
1.221, 3.95, 12.885
0.512, 1.963, 8.959
0.546, 0.273, 10.951
0.206, 2.425, 10.582
1.367, 0.622, 9.943
0.546, 0.661, 10.515
-0.124, 2.353, 8.284
-0.124, 2.353, 8.284
0.819, 2.1, 10.908
-0.326, -0.639, 7.98
0.388, 2.083, 11.401
0.613, 2.246, 7.903
-0.101, 1.195, 9.064
-0.101, 1.195, 9.064
0.199, 1.099, 10.486
0.184, 1.357, 8.904
0.299, 0.63, 10.771
-0.096, 0.613, 8.89
0.948, 1.937, 11.466
0.788, 1.097, 10.518
-0.553, 1.235, 9.802
-0.247, 1.058, 10.467
-0.247, 1.058, 10.467
0.309, 1.257, 10.561
-0.096, 1.508, 10.158
-0.096, 1.508, 10.158
0.213, 1.006, 9.629
0.567, 1.779, 11.028
0.201, 0.998, 9.148
0.345, 0.611, 10.067
0.613, 1.271, 10.81
0.57, 1.492, 9.127
0.18, 0.95, 9.96
0.18, 0.95, 9.96
0.201, 0.4, 10.565
0.668, 0.883, 10.549
0.163, 0.85, 10.115
0.163, 0.85, 10.115
0.484, 0.979, 10.34
0.56, 1.714, 10.051
0.153, 1.532, 9.905
0.9, 0.486, 10.003
0.802, 0.541, 9.842
0.192, 1.173, 9.105
0.608, 2.239, 9.974
0.431, 0.867, 8.238
1.075, 3.206, 9.294
0.529, 1.484, 9.045
0.529, 1.484, 9.045
0.591, -1.077, 10.829
0.697, 2.217, 10.683
0.278, 0.68, 9.332
0.797, -0.223, 11.123
0.156, 1.52, 9.921
0.113, 1.846, 11.221
0.113, 1.846, 11.221
0.175, -0.275, 9.845
-0.11, 0.905, 10.52
0.373, 1.573, 10.146
0.373, 1.573, 10.146
-0.271, 0.517, 10.611
0.673, 1.329, 10.561
0.012, 0.67, 9.941
0.778, 1.987, 10.0
0.778, 1.987, 10.0
0.632, 0.84, 9.258
0.651, 1.075, 9.684
0.431, 1.872, 9.265
0.029, 1.329, 9.215
0.115, 1.264, 9.055
-0.079, 0.761, 9.376
0.302, 2.143, 9.16
-0.041, 0.883, 9.122
0.089, 1.815, 10.23
0.122, 0.893, 8.358
0.869, 0.318, 10.108
0.354, 0.965, 10.472
0.381, 0.984, 10.58
-0.089, 0.709, 9.505
0.239, 1.269, 10.319
0.448, 0.848, 10.474
0.524, 0.73, 9.893
0.891, -0.567, 8.509
0.122, -0.237, 11.547
0.122, -0.237, 11.547
-0.199, 3.103, 9.608
-0.385, -0.134, 10.281
-0.385, -0.134, 10.281
0.529, 2.437, 12.241
0.33, -0.225, 10.472
0.33, -0.225, 10.472
0.069, 0.036, 10.34
-0.098, 2.916, 10.281
0.534, -0.103, 8.672
1.669, 1.714, 10.697
0.733, 1.389, 8.562
0.352, -0.263, 10.745
0.352, -0.263, 10.745
-0.239, 1.621, 10.551
-0.045, 0.153, 8.195
-0.045, 0.153, 8.195
-0.275, 0.385, 10.994
0.093, 0.302, 9.23
0.093, 0.302, 9.23
-0.809, 0.512, 9.277
-0.419, 1.724, 7.709
-0.393, 1.511, 7.781
0.654, 0.381, 8.559
0.745, 1.475, 9.749
0.326, 1.022, 8.643
0.326, 1.022, 8.643
0.728, -0.093, 10.106
0.606, 1.439, 9.22
0.606, 1.439, 9.22
0.33, -0.151, 9.589
0.642, 1.444, 9.919
0.986, -0.354, 10.252
0.304, 0.603, 10.544
0.005, 1.439, 10.841
0.002, 1.911, 10.084
0.038, 1.003, 9.61
-0.206, 0.594, 9.996
-0.206, 0.594, 9.996
0.622, 1.666, 10.96
-0.093, 0.409, 10.565
0.721, 1.7, 8.425
0.972, 0.742, 9.749
0.227, 0.409, 9.028
0.725, 1.219, 12.141
0.63, 1.223, 12.009
0.065, 0.407, 9.158
0.074, 1.235, 8.406
0.735, 0.311, 11.126
0.804, 0.244, 10.343
0.527, 1.171, 11.265
0.026, 0.175, 10.067
0.608, 0.031, 11.006
0.055, -0.292, 10.477
0.055, -0.292, 10.477
-0.627, 1.36, 10.989
0.134, -0.019, 10.721
0.12, 0.994, 10.513
0.776, 0.196, 9.546
0.754, 0.242, 9.447
0.053, 1.113, 9.617
-0.268, 0.524, 9.007
0.467, 1.513, 9.778
0.962, 0.716, 9.016
0.393, 0.637, 8.873
0.467, 1.08, 9.586
1.089, 0.261, 9.177
0.615, 0.826, 9.646
-0.211, 1.839, 9.804
0.723, -0.266, 9.665
0.723, -0.266, 9.665
0.771, 0.151, 10.288
-0.093, 0.96, 9.366
0.441, -0.026, 9.665
0.733, 0.948, 10.225
0.807, -0.022, 9.335
0.285, -0.278, 9.905
0.385, 1.432, 10.992
0.352, 1.635, 9.924
0.204, 0.045, 9.608
0.649, -0.148, 9.637
0.922, 1.872, 9.85
0.922, 1.872, 9.85
0.86, 1.386, 8.332
1.077, -1.434, 9.332
0.002, 1.877, 9.309
-0.527, 0.486, 10.606
-0.527, 0.486, 10.606
0.237, 1.075, 9.608
-0.182, 0.766, 8.265
0.476, 0.407, 10.405
0.673, 0.532, 10.582
0.673, 0.532, 10.582
0.113, 0.692, 10.096
0.783, 0.812, 9.976
0.783, 0.812, 9.976
-0.06, -0.251, 8.99
0.055, 0.199, 8.99
0.515, -0.558, 10.369
0.117, 0.601, 10.135
0.117, 0.601, 10.135
0.383, 1.056, 10.261
-0.249, 0.802, 10.632
-0.019, 0.773, 10.968
0.187, 0.199, 10.039
0.283, 1.434, 9.495
0.412, 0.474, 9.991
0.412, 0.474, 9.991
-0.012, -0.321, 8.641
1.123, 0.848, 10.264
-0.132, 0.359, 9.984
-0.132, 0.359, 9.984
-0.141, -0.941, 9.73
0.905, 0.898, 7.901
0.484, -0.618, 9.481
0.95, 0.194, 9.83
1.034, 0.316, 9.684
1.049, 1.436, 10.079
-0.924, -0.165, 11.612
0.062, 1.058, 9.976
0.062, 1.058, 9.976
0.17, 1.559, 9.541
-0.656, -0.596, 9.371
1.307, -0.603, 10.556
0.876, -0.208, 9.854
0.876, -0.208, 9.854
-0.283, 0.268, 10.537
-0.338, 0.153, 10.36
-0.022, 0.611, 11.305
0.06, -0.879, 9.323
0.283, 1.721, 9.696
0.283, 1.721, 9.696
0.579, 1.12, 10.123
-0.637, -0.666, 9.423
0.587, 0.905, 10.278
0.587, 0.905, 10.278
-0.515, 1.132, 9.534
-0.78, 0.304, 8.475
0.852, 0.62, 9.785
-0.474, 0.687, 10.089
-0.239, 0.565, 10.362
0.62, 0.043, 9.311
-0.486, -0.101, 10.604
-0.486, -0.101, 10.604
-0.426, 2.133, 10.376
0.709, 0.259, 9.404
0.709, 0.259, 9.404
0.697, 1.168, 10.975
0.747, -0.089, 9.354
0.747, -0.089, 9.354
0.678, -0.752, 9.414
0.637, 1.961, 11.396
-0.024, 1.252, 8.502
1.262, -1.52, 10.549
0.373, 1.209, 9.297
-0.572, 0.967, 9.897
0.285, 0.12, 10.953
0.285, 0.12, 10.953
-0.146, -0.639, 10.194
0.192, 0.077, 9.988
0.192, 0.077, 9.988
0.663, -0.452, 10.372
0.182, -0.086, 9.423
0.79, 0.024, 10.74
0.79, 0.024, 10.74
-0.014, 0.783, 10.048
0.235, -0.055, 10.417
0.328, -0.464, 9.864
0.328, -0.464, 9.864
0.819, 2.095, 11.77
-0.539, -0.378, 11.341
-0.539, -0.378, 11.341
0.797, 0.979, 10.328
-0.572, 1.24, 10.695
-0.208, 1.48, 10.132
-0.208, 1.48, 10.132
0.407, 1.18, 9.816
0.261, -0.371, 7.841
-0.23, 0.024, 9.754
0.97, -0.153, 8.945
0.895, -0.405, 8.684
0.855, 1.408, 9.277
0.898, 1.35, 8.722
0.613, -0.268, 9.263
0.613, -0.268, 9.263
0.613, 0.326, 11.063
0.424, 1.403, 9.608
-0.266, -0.409, 9.05
-0.266, -0.409, 9.05
0.371, 1.24, 11.506
0.151, 0.735, 9.033
0.189, -0.098, 10.695
-0.148, 1.887, 10.735
-0.148, 1.887, 10.735
0.663, 0.093, 8.638
1.154, -0.172, 10.156
0.936, 0.584, 10.197
0.5, 0.8, 9.526
0.5, 0.8, 9.526
1.003, -0.053, 9.699
0.407, 0.062, 10.395
-0.508, 0.5, 9.28
-0.053, 0.436, 11.645
-0.053, 0.436, 11.645
-0.627, 0.287, 9.088
-0.098, 0.618, 9.656
-0.11, 1.013, 9.277
0.563, -0.117, 8.868
0.381, 1.231, 10.374
0.946, -0.057, 9.031
0.536, 0.512, 10.381
0.539, 1.154, 9.426
0.828, -0.35, 9.409
0.819, -0.503, 9.51
0.474, 1.029, 8.894
0.63, 0.97, 10.216
0.414, 0.065, 10.941
0.414, 0.065, 10.941
0.345, 0.153, 8.813
0.309, 1.24, 10.187
0.309, 1.24, 10.187
-0.579, -2.825, 9.826
-0.127, 1.029, 13.015
-0.333, -0.373, 9.373
-0.333, -0.373, 9.373
-0.115, -0.347, 12.411
1.132, 1.018, 9.988
0.654, 0.721, 10.422
0.862, -0.68, 10.19
0.481, 1.18, 9.936
-0.089, -0.828, 9.122
-0.558, 0.656, 9.069
-0.558, 0.656, 9.069
-0.268, 1.879, 9.225
0.323, 0.632, 8.571
-0.211, 0.862, 9.127
0.893, 1.199, 9.105
0.943, 1.259, 8.918
0.802, 0.555, 8.839
0.364, 0.182, 9.277
0.682, 1.561, 9.198
0.682, 1.561, 9.198
1.104, 0.539, 9.191
-0.189, 0.728, 9.751
0.309, 1.688, 10.259
0.455, 0.326, 9.471
0.766, -1.76, 10.829
-0.098, 0.57, 10.795
-0.271, 0.934, 10.781
0.019, 2.567, 9.802
0.328, -0.278, 9.644
-0.67, 2.073, 10.261
0.532, -0.215, 8.585
0.532, -0.215, 8.585
0.472, 0.29, 10.63
0.838, 0.345, 10.587
0.546, 1.887, 9.768
1.53, -1.14, 9.818
1.53, -1.14, 9.818
0.919, 1.58, 10.707
-0.426, -0.936, 10.817
-0.57, 0.994, 9.68
-0.613, 1.429, 9.534
-0.797, 1.575, 11.099
-0.11, -0.022, 8.325
-0.644, 0.369, 11.145
0.979, 0.654, 10.85
-0.551, -0.077, 10.343
0.445, 0.912, 10.079
1.374, 0.309, 9.067
1.374, 0.309, 9.067
0.285, -0.936, 9.751
0.376, 1.267, 10.278
0.268, 1.183, 10.216
0.091, 0.084, 10.338
0.031, 0.206, 10.745
-0.084, 1.444, 8.981
0.484, -0.141, 10.585
0.484, -0.141, 10.585
0.618, 0.493, 11.087
0.742, 0.488, 9.428
0.792, 1.307, 8.954
0.792, 1.307, 8.954
0.998, 0.024, 9.986
0.845, 0.254, 10.281
0.627, 1.329, 10.503
0.998, 0.017, 11.767
0.836, 0.637, 8.863
0.622, 1.192, 10.034
0.622, 1.192, 10.034
0.201, 0.577, 9.902
-1.092, -0.187, 10.968
-0.249, 1.879, 9.615
-0.239, -1.132, 8.954
-0.239, -1.132, 8.954
0.101, 1.525, 10.35
0.864, -0.22, 10.067
-0.431, 1.223, 9.68
-0.431, 1.223, 9.68
0.589, 1.106, 10.862
0.103, 0.848, 9.589
0.871, 1.075, 10.41
0.0, 0.986, 9.632
-0.012, 0.108, 10.441
-0.012, 0.108, 10.441
0.285, 0.271, 10.975
0.256, 0.654, 10.261
0.553, -0.452, 9.182
0.941, 1.817, 10.154
0.941, 1.817, 10.154
0.661, 1.029, 8.789
0.33, 0.175, 9.062
0.414, 1.022, 9.842
1.29, 1.24, 10.044
-0.364, 0.455, 10.496
1.006, 0.153, 8.645
1.006, 0.153, 8.645
1.322, 0.946, 10.496
-0.084, 0.438, 10.436
-0.084, 0.438, 10.436
0.807, 0.515, 9.921
0.998, 1.022, 11.7
0.998, 1.022, 11.7
0.306, 0.452, 8.6
0.323, -1.774, 9.617
1.714, 0.618, 9.55
1.197, 0.23, 9.593
0.366, 0.977, 11.753
1.022, 1.001, 8.988
-0.065, 0.175, 10.063
-0.33, 0.304, 10.331
-0.33, 0.304, 10.331
0.146, -0.007, 10.283
0.043, 0.424, 10.285
-0.342, -0.615, 11.406
0.041, 0.855, 10.441
0.455, 0.541, 10.044
0.16, 1.176, 9.435
0.481, 0.773, 10.431
0.788, 0.625, 9.775
0.678, 0.903, 11.973
0.678, 0.903, 11.973
0.634, 1.125, 8.664
-0.462, -0.081, 8.59
-0.462, -0.081, 8.59
0.414, 0.01, 10.142
0.694, 0.685, 9.56
0.441, 0.096, 10.225
1.346, 0.479, 10.637
1.346, 0.479, 10.637
0.685, -0.117, 8.329
-0.247, 0.417, 10.123
0.206, 0.208, 10.913
1.209, -1.238, 9.435
1.499, 1.417, 8.243
1.678, -0.984, 9.443
0.474, -0.438, 10.032
0.474, -0.438, 10.032
0.201, 1.25, 11.025
-0.002, -0.254, 10.915
-0.002, -0.254, 10.915
-0.16, 0.294, 10.463
0.029, 0.486, 9.586
0.194, 1.099, 11.13
-0.51, 0.359, 10.561
0.041, -0.656, 9.943
0.213, 0.773, 10.024
0.256, 0.67, 10.374
0.79, 0.381, 9.926
0.424, 0.18, 8.885
0.962, 0.057, 11.288
0.278, -0.034, 8.861
0.273, 1.992, 11.138
-0.124, 0.069, 7.898
-0.029, -0.517, 11.02
-0.283, -0.113, 9.32
-0.249, 0.536, 10.242
0.002, 0.594, 10.187
-0.005, 0.524, 10.197
-0.036, 0.903, 9.024
-0.072, 0.467, 9.057
-0.072, 0.467, 9.057
0.589, 0.029, 9.783
-0.239, 1.235, 11.19
-0.239, 1.235, 11.19
0.599, 0.081, 9.352
0.244, -0.359, 8.916
0.436, -0.225, 11.262
0.316, -0.079, 9.929
-0.086, -0.153, 9.845
-0.036, -0.089, 10.091
0.412, -0.117, 9.895
0.754, -0.412, 10.166
0.754, -0.412, 10.166
-0.182, 0.603, 10.206
0.259, -1.041, 9.206
0.259, -1.041, 9.206
0.802, 0.043, 11.166
0.29, -0.802, 11.114
0.333, 0.048, 10.063
0.165, 0.792, 10.723
0.182, -0.802, 10.079
-0.17, 0.479, 10.891
-0.263, 0.567, 11.138
0.108, -1.616, 9.301
0.091, 1.211, 9.048
0.091, 1.211, 9.048
0.608, 0.855, 8.339
0.594, -0.163, 9.213
0.086, -0.132, 9.342
-0.51, 1.12, 9.012
0.259, -0.946, 10.106
0.5, 1.743, 8.985
-0.338, 1.188, 8.459
0.235, 1.276, 8.286
-0.012, -0.9, 9.514
0.026, 0.639, 10.015
0.512, 1.223, 10.194
0.606, 0.297, 10.57
0.326, 0.658, 9.658
0.326, 0.658, 9.658
0.45, 0.062, 9.665
-0.433, -0.716, 10.951
-0.005, 0.457, 11.178
0.505, 0.486, 9.318
1.049, -0.752, 10.779
1.046, -0.575, 10.563
0.51, 0.836, 10.281
0.441, 0.673, 10.094
-0.144, -0.244, 9.541
-0.144, -0.244, 9.541
0.962, 2.514, 11.923
-1.355, -2.749, 10.731
-1.355, -2.749, 10.731
-0.417, 1.681, 12.572
0.163, 0.998, 9.5
0.687, -1.875, 9.852
0.881, 1.008, 10.039
0.725, -0.041, 9.445
-0.247, -0.84, 10.599
-0.247, -0.84, 10.599
0.306, 1.094, 11.375
0.283, 0.769, 8.897
0.134, -0.831, 9.799
-0.318, 1.02, 9.845
-0.318, 1.02, 9.845
-0.33, -1.693, 8.447
0.333, 0.802, 10.515
0.268, 0.299, 9.979
0.268, 0.299, 9.979
-0.484, 0.373, 8.612
0.266, 0.232, 10.69
0.45, 0.211, 11.286
0.294, 0.074, 10.398
1.204, 0.457, 10.211
0.986, 0.333, 9.931
0.697, 0.158, 10.537
1.247, 0.946, 11.13
0.369, -0.412, 10.135
0.369, -0.412, 10.135
0.448, 0.651, 10.941
-0.879, 1.331, 10.585
-0.127, 0.869, 10.702
-0.558, 0.254, 11.571
-0.33, 0.239, 10.23
1.128, 2.389, 10.259
0.333, -0.345, 8.116
0.045, -0.034, 10.479
0.045, -0.034, 10.479
-0.543, 1.865, 6.447
0.711, 1.973, 8.119
0.376, 2.167, 8.885
0.917, 1.233, 7.331
0.496, 1.784, 11.423
0.101, -0.723, 7.52
0.101, -0.723, 7.52
0.692, 0.249, 10.391
-0.029, 0.78, 12.263
-0.029, 0.78, 12.263
-0.704, -0.541, 10.393
0.644, 0.029, 9.579
0.886, 0.309, 10.46
0.893, 0.426, 10.695
0.639, 0.342, 10.587
0.639, 0.342, 10.587
-0.335, 0.515, 9.347
1.089, 0.701, 11.846
0.52, 0.838, 8.957
0.441, 0.807, 9.768
-0.208, 0.469, 8.767
-0.208, 0.469, 8.767
0.115, 1.824, 10.084
-0.05, -0.761, 9.598
0.273, 2.344, 11.901
0.249, 1.101, 8.241
0.304, 1.281, 10.793
0.304, 1.281, 10.793
0.725, 0.323, 9.352
0.972, -1.353, 10.429
1.927, 2.085, 11.356
0.634, 0.903, 8.499
1.056, -3.852, 8.298
0.201, 4.513, 10.137
2.131, 1.501, 8.198
0.254, -0.048, 12.608
0.254, -0.048, 12.608
0.991, 2.823, 9.435
-0.225, -1.075, 8.083
-0.426, 1.592, 11.573
0.864, 2.739, 8.36
-0.132, 0.079, 10.204
0.402, 0.936, 10.467
0.402, 0.936, 10.467
0.438, 1.891, 10.956
-0.124, -0.108, 10.23
0.069, 1.413, 9.469
0.366, 0.809, 10.386
-0.247, 0.881, 9.251
-0.247, 0.881, 9.251
0.706, 0.725, 10.288
0.852, 0.362, 10.149
0.464, 0.493, 9.854
0.486, 0.201, 11.186
0.251, -0.342, 9.749
0.144, 0.395, 7.293
0.666, 1.405, 10.185
0.666, 1.405, 10.185
0.642, 1.288, 8.997
-0.074, 0.713, 9.354
-0.074, 0.713, 9.354
0.95, 1.18, 9.783
0.577, 0.527, 9.174
0.687, 0.46, 10.429
0.687, 0.46, 10.429
1.029, 1.209, 9.088
0.699, 1.073, 9.682
0.287, 0.283, 9.792
0.086, 0.39, 9.804
-0.371, 0.711, 9.541
-0.371, 0.711, 9.541
-0.378, 3.124, 9.282
0.017, -0.316, 12.253
-0.103, 1.561, 8.222
0.622, 1.149, 10.582
0.622, 1.149, 10.582
-0.402, 1.506, 9.893
0.599, 0.73, 11.861
0.599, 0.73, 11.861
0.084, 0.998, 10.484
0.488, 0.536, 11.049
0.637, -0.177, 9.924
0.587, 0.828, 10.295
0.587, 0.828, 10.295
-0.17, 0.773, 8.992
0.333, -0.28, 8.629
0.333, -0.28, 8.629
0.405, 0.522, 10.965
1.223, 0.508, 11.159
0.326, 0.924, 9.079
0.326, 0.924, 9.079
-0.127, 0.764, 10.348
1.144, -0.405, 9.658
1.144, -0.405, 9.658
0.716, 1.542, 9.713
0.718, 2.076, 9.23
0.713, 1.252, 9.012
0.204, 1.18, 9.529
0.062, 0.773, 10.17
0.144, 2.617, 9.301
0.637, -4.348, 8.447
0.637, -4.348, 8.447
-1.997, 3.311, 14.08
-0.476, -2.674, 11.087
-0.476, -2.674, 11.087
0.17, 1.561, 13.101
0.093, -0.235, 10.331
0.093, -0.235, 10.331
0.359, -0.244, 9.519
0.328, 1.051, 9.955
-0.45, -0.347, 10.439
-0.45, -0.347, 10.439
-0.682, -0.333, 12.182
0.795, 0.287, 7.628
-0.11, 0.551, 11.011
0.369, 1.626, 10.051
0.678, 1.245, 10.379
0.285, 1.188, 9.589
0.388, 0.467, 10.072
0.551, 0.903, 7.206
0.551, 0.903, 7.206
0.922, 0.534, 9.505
0.639, -0.273, 8.408
0.661, 1.606, 10.609
0.661, 1.606, 10.609
0.764, -0.457, 8.758
0.35, 0.532, 10.434
0.46, 1.439, 8.978
-0.984, 0.876, 12.002
-0.984, 0.876, 12.002
-0.555, 1.267, 10.542
0.536, -0.402, 9.814
0.536, -0.402, 9.814
0.357, 0.405, 10.446
0.797, 0.96, 10.036
1.099, -0.096, 10.372
0.96, 1.669, 11.344
0.96, 1.669, 11.344
0.994, 0.606, 8.94
0.603, -0.065, 9.337
0.266, 1.671, 9.368
0.266, 1.671, 9.368
0.745, 1.568, 10.163
0.529, -0.146, 8.581
0.369, 0.323, 9.174
0.874, -0.062, 9.241
0.874, -0.062, 9.241
0.05, -0.247, 9.608
0.558, 1.774, 7.793
-0.069, -0.34, 9.601
0.431, -0.563, 10.319
0.431, -0.563, 10.319
0.855, 1.231, 10.108
0.409, 0.694, 9.258
0.409, 0.694, 9.258
-0.381, 1.408, 10.211
-0.476, 0.251, 11.753
-0.192, 1.08, 9.378
-0.192, 1.08, 9.378
0.666, 0.704, 9.862
-0.223, 0.524, 10.008
0.836, -0.139, 10.225
0.488, 0.814, 10.008
0.417, 0.824, 9.996
-0.218, 0.314, 10.324
0.211, 2.1, 9.512
1.357, 0.891, 9.081
0.323, -2.083, 8.846
1.128, 1.563, 9.098
1.128, 1.563, 9.098
0.242, -1.037, 9.062
0.441, 1.482, 10.68
0.67, 0.28, 11.209
0.67, 0.28, 11.209
0.409, -0.522, 9.443
-0.158, 2.301, 11.803
-0.158, 2.301, 11.803
0.979, -0.376, 8.155
-0.005, -0.247, 10.096
0.194, 0.508, 11.435
1.188, 0.175, 8.861
0.675, 0.278, 9.957
0.364, 1.123, 8.272
0.012, 0.654, 9.577
0.038, 0.244, 9.062
0.038, 0.244, 9.062
0.563, 1.252, 9.694
-0.232, 1.676, 9.493
-0.055, 0.007, 9.893
-0.572, 2.519, 8.547
-0.445, 0.124, 10.12
-0.445, 0.124, 10.12
-0.74, 0.838, 9.622
-0.127, 0.871, 10.542
-0.213, 0.481, 9.129
0.192, -1.149, 10.017
0.192, -1.149, 10.017
1.235, 1.298, 9.275
0.158, 0.414, 10.874
0.816, 0.79, 9.61
0.232, 1.99, 7.522
0.232, 1.99, 7.522
1.82, 0.737, 8.784
1.357, -0.936, 11.039
1.872, -0.18, 12.675
0.431, 1.475, 12.208
0.302, -0.469, 9.033
0.728, 0.105, 10.843
0.73, 0.366, 10.534
0.292, 1.044, 13.331
0.292, 1.044, 13.331
-0.06, 0.153, 8.686
1.144, 1.264, 9.057
0.996, 1.357, 8.988
-0.074, 0.567, 11.494
-0.074, 0.567, 11.494
0.294, 0.735, 9.541
-0.462, 0.105, 10.525
0.156, -0.048, 8.602
0.156, -0.048, 8.602
-0.18, 1.204, 8.892
-0.35, 0.812, 10.204
-0.026, 1.293, 10.281
-0.026, 1.293, 10.281
0.4, 0.508, 8.26
0.484, 0.247, 9.352
0.333, 0.151, 8.875
0.16, 0.994, 9.72
0.16, 0.994, 9.72
-0.175, 1.674, 9.823
0.97, -4.101, 8.195
1.448, 5.066, 10.786
1.053, 3.594, 9.897
-0.481, 0.072, 11.669
-0.481, 0.072, 11.669
0.144, 1.29, 8.044
0.261, -0.508, 8.794
0.29, -0.697, 8.916
0.481, 0.328, 12.028
-0.11, -1.015, 10.067
-0.74, -0.771, 8.657
0.831, 1.944, 12.404
-0.122, 0.876, 9.083
-0.122, 0.876, 9.083
0.23, -1.599, 9.095
-0.323, 1.666, 12.426
1.978, 1.312, 7.458
-0.103, 0.663, 9.292
0.637, 0.347, 9.672
0.737, 0.326, 9.869
-0.053, 1.18, 7.666
0.39, 0.017, 9.32
1.13, 1.508, 8.406
0.63, -0.52, 9.713
0.63, -0.52, 9.713
-0.239, 0.812, 8.325
1.403, 0.795, 9.423
0.649, 1.616, 10.656
0.716, 0.862, 9.407
0.716, 0.788, 9.215
0.472, -0.658, 9.771
0.982, -0.048, 7.913
1.456, 0.998, 6.735
-0.211, 1.176, 8.188
-0.211, 1.176, 8.188
0.543, -1.094, 12.059
0.022, 0.072, 10.465
0.022, 0.072, 10.465
-0.644, 1.384, 11.174
-0.824, -0.819, 10.364
-0.57, 0.06, 12.72
-0.452, 0.148, 12.876
-0.194, 0.407, 13.134
0.536, 0.725, 12.007
-0.031, 0.86, 11.911
-0.347, -0.397, 13.142
-0.364, 0.812, 10.558
0.136, -1.087, 12.411
0.136, -1.087, 12.411
-0.136, 0.194, 11.535
0.527, -0.069, 11.463
0.192, 0.395, 10.685
0.261, -0.393, 9.962
0.261, -0.393, 9.962
0.354, 0.773, 10.381
0.352, -0.11, 9.361
0.352, -0.11, 9.361
0.713, 1.513, 9.186
-0.141, 0.9, 9.301
0.074, 1.559, 9.909
1.47, -1.542, 7.367
1.47, -1.542, 7.367
-0.211, -0.16, 9.778
0.232, 0.524, 9.727
0.232, 0.524, 9.727
-0.929, 0.105, 8.569
0.215, 0.443, 8.767
0.215, 0.443, 8.767
-0.232, 1.561, 10.111
0.041, 2.21, 10.4
-0.467, 0.943, 10.34
-0.467, 0.943, 10.34
