1.07, 3.416, 9.052
0.117, 2.775, 10.111
0.084, -0.608, 11.949
-0.52, 1.889, 7.484
0.187, -2.33, 8.356
-0.417, 1.448, 8.894
-0.417, 1.448, 8.894
-1.963, 5.478, 7.774
-2.203, -2.653, 7.329
2.768, 4.269, 11.116
-0.857, -0.584, 7.724
-0.857, -0.584, 7.724
0.407, -1.322, 11.901
0.713, 1.274, 9.56
0.713, 1.274, 9.56
0.467, -0.615, 8.43
0.359, -1.293, 9.704
-1.408, 3.479, 13.005
-0.065, -0.551, 7.633
1.551, 1.963, 11.248
1.551, 1.963, 11.248
-0.101, 2.162, 10.17
-0.737, -0.63, 5.801
-0.699, 2.823, 10.673
-1.872, 3.005, 9.265
-1.006, 2.959, 9.198
0.996, -4.937, 10.927
-1.405, 0.414, 12.213
-1.427, 1.573, 7.929
0.857, -0.9, 10.405
2.411, 0.402, 8.336
2.411, 0.402, 8.336
1.353, 1.202, 10.656
-1.255, 1.235, 10.937
-1.255, 1.235, 10.937
-1.781, 4.209, 5.607
-1.391, 0.814, 6.21
0.792, 4.834, 9.457
1.398, -1.997, 7.961
-1.628, 1.446, 7.551
-1.628, 1.446, 7.551
-0.275, 1.034, 9.716
-0.031, 1.803, 8.676
-2.818, -2.09, 5.791
-0.182, 1.707, 15.713
0.555, 4.745, 9.194
0.555, 4.745, 9.194
0.024, -4.554, 4.769
-0.165, -2.708, 12.213
1.688, 0.34, 8.303
1.106, 0.474, 8.004
-1.068, -2.298, 6.34
-0.16, 1.13, 13.568
0.12, -2.516, 10.41
-2.186, 2.172, 8.32
-2.186, 2.172, 8.32
0.721, 2.468, 10.486
0.716, -2.013, 7.211
0.39, -1.408, 17.178
-1.073, 5.013, 9.847
-0.73, 1.547, 10.731
-0.876, -2.104, 6.799
0.402, 4.436, 13.539
-0.388, 2.14, 6.95
-1.97, -3.783, 12.153
-1.312, 5.296, 11.53
1.48, 1.106, 6.119
-0.457, 2.605, 10.333
-0.457, 2.605, 10.333
0.929, 0.213, 10.546
-2.626, 4.42, 12.861
0.769, 0.275, 7.252
0.769, 0.275, 7.252
2.057, 1.326, 10.474
-0.79, -1.353, 9.388
1.374, -0.168, 12.059
-0.709, -0.464, 10.247
-0.292, 2.48, 13.879
-1.006, 1.056, 6.254
-0.074, -0.266, 12.979
-0.235, 0.476, 10.048
-1.24, 0.22, 9.651
1.463, 3.972, 7.434
-0.285, -3.0, 5.54
-0.285, -3.0, 5.54
-0.721, -0.256, 13.96
-1.032, 4.494, 6.924
1.195, -0.682, 11.913
1.104, -0.323, 14.944
0.335, 2.136, 5.645
3.1, -2.387, 11.43
-3.979, -1.235, 7.891
3.05, 4.262, 14.399
-0.699, -0.18, 11.107
-0.699, -0.18, 11.107
-0.958, -2.614, 8.071
0.737, -0.725, 7.661
0.737, -0.725, 7.661
-0.922, 4.185, 12.414
1.329, 1.338, 9.062
0.177, 1.029, 8.688
-1.092, -1.86, 12.057
-1.755, 4.046, 9.632
0.69, 1.523, 11.959
0.69, 1.523, 11.959
-1.369, -0.828, 8.813
-1.022, -1.283, 11.487
-0.91, 0.134, 12.84
0.407, 2.914, 5.942
1.128, 1.278, 12.081
-1.398, 0.182, 5.624
0.369, -2.064, 14.154
0.369, -2.064, 14.154
-1.379, 2.679, 7.657
-0.091, -3.345, 6.627
-0.479, -3.237, 6.57
0.596, 1.645, 6.929
0.596, 1.645, 6.929
-0.575, -2.48, 10.111
-1.061, 0.757, 7.975
-1.061, 0.757, 7.975
-1.413, 0.177, 7.123
-1.36, 2.021, 8.451
-1.609, -4.463, 9.677
-0.177, 4.666, 11.147
-1.772, -0.314, 10.992
-0.338, 1.255, 11.82
-0.235, 0.943, 10.642
-0.843, -2.473, 6.622
1.717, 2.892, 12.32
2.579, -0.429, 10.233
0.575, 0.469, 10.357
-0.026, 0.869, 10.046
-0.654, 1.106, 9.749
0.35, -2.181, 10.257
-2.574, 4.353, 10.304
-2.574, 4.353, 10.304
2.145, 4.738, 11.695
-0.057, -3.086, 6.869
-0.292, 6.562, 11.71
-0.292, 6.562, 11.71
0.699, 1.666, 9.139
-0.587, -0.091, 11.329
-0.136, 1.336, 9.328
-0.23, 1.195, 12.952
-1.326, -1.116, 9.519
-1.326, -1.116, 9.519
-1.053, 3.182, 12.275
-2.634, 1.408, 10.733
-1.839, -0.177, 7.546
-0.247, 2.14, 10.522
-0.651, 0.11, 12.007
-0.651, 0.11, 12.007
1.314, 1.29, 10.276
-0.263, 0.33, 10.613
0.11, 1.202, 8.734
-1.271, 2.406, 11.011
-0.565, 0.721, 16.383
-0.129, 2.162, 7.973
-0.294, 1.978, 7.654
1.432, -0.151, 10.199
-3.383, -0.769, 10.676
-0.759, 0.721, 12.119
-0.759, 0.721, 12.119
-1.539, 2.155, 11.262
-0.424, 1.041, 12.014
-0.424, 1.041, 12.014
-0.704, -1.863, 10.467
-1.049, 4.262, 12.361
1.408, -3.46, 7.075
1.408, -3.46, 7.075
0.551, 1.152, 10.858
-0.204, -1.793, 7.953
0.347, 3.436, 11.645
0.297, 3.694, 12.476
-0.302, 2.715, 8.394
-0.972, 2.648, 7.082
-0.972, 2.648, 7.082
0.12, 0.685, 8.243
-0.931, -1.867, 10.482
-0.931, -1.867, 10.482
1.018, 0.622, 11.514
-3.041, 5.897, 5.128
-1.312, -3.457, 7.472
0.986, 2.409, 7.628
0.237, 0.764, 9.004
-0.388, 0.56, 10.204
-0.584, -0.716, 7.824
-0.584, -0.716, 7.824
0.12, 3.108, 12.368
-0.522, -5.442, 10.252
-0.74, 5.686, 11.255
-0.74, 5.686, 11.255
2.191, 2.495, 13.312
-1.8, 0.199, 16.709
-1.8, 0.199, 16.709
2.334, 5.243, 9.658
1.334, 1.621, 11.032
-0.316, -4.752, 7.566
-0.994, -0.426, 14.114
0.788, 8.356, 8.222
-5.14, -4.913, 4.087
-0.496, 3.936, 19.029
-0.496, 3.936, 19.029
0.69, 1.504, 6.601
-0.469, -0.271, 12.651
-0.333, 2.353, 11.549
-0.333, 2.353, 11.549
-0.318, -1.245, 10.225
-1.027, 1.508, 9.179
1.436, -1.606, 12.811
0.73, 0.982, 10.233
1.185, 1.559, 6.828
-0.972, -1.506, 10.518
-0.541, 0.527, 14.018
-0.541, 0.527, 14.018
-0.96, 3.771, 9.208
0.026, -1.513, 11.087
-0.989, 1.508, 7.094
-0.484, -0.132, 12.893
-0.4, -2.188, 8.277
0.249, -0.038, 11.983
0.965, -0.757, 7.585
1.525, -1.702, 9.905
1.171, 1.001, 8.992
-0.816, 0.931, 6.73
0.627, -1.494, 10.331
0.23, -1.393, 10.422
0.144, 1.743, 9.421
1.144, 1.314, 7.858
-0.503, -1.721, 5.305
-0.735, 2.744, 8.133
-0.735, 2.744, 8.133
1.053, -1.508, 9.874
0.192, -0.824, 12.155
-1.439, 1.525, 11.154
1.118, 1.338, 5.619
-0.728, -2.066, 12.023
-0.728, -2.066, 12.023
-1.875, 0.881, 11.978
1.07, 1.913, 15.074
-1.41, 2.207, 5.95
0.287, -0.733, 11.942
0.342, 5.377, 7.08
0.342, 5.377, 7.08
-0.611, -0.74, 12.428
-6.031, 0.204, 8.099
-1.705, 0.134, 10.108
0.426, -1.554, 6.914
0.426, -1.554, 6.914
-0.268, -0.225, 7.977
0.704, 5.593, 10.175
2.569, 2.081, 10.453
-0.441, -3.258, 5.983
1.053, 2.804, 15.344
-1.391, 2.842, 4.338
0.546, -0.591, 12.799
1.604, 2.981, 13.027
1.604, 2.981, 13.027
0.22, -0.728, 9.122
0.527, -2.555, 8.758
0.527, -2.555, 8.758
-2.253, 5.358, 7.616
-1.939, -3.256, 3.737
-1.939, -3.256, 3.737
2.792, 4.532, 15.969
-1.709, 0.388, 8.408
1.729, 2.002, 10.671
-0.69, -1.343, 11.506
-0.69, -1.343, 11.506
-0.855, 4.18, 12.701
-0.795, 2.794, 9.953
-0.136, 0.031, 6.718
-0.211, -4.163, 4.958
-0.211, -4.163, 4.958
4.87, 2.818, 12.395
0.627, 2.121, 11.389
0.627, 2.121, 11.389
-3.165, 3.177, 5.09
0.136, -3.522, 9.854
1.14, 0.939, 9.677
-1.712, 4.812, 6.292
-0.948, -1.135, 10.082
-1.391, -0.608, 10.087
1.585, 5.32, 10.594
1.585, 5.32, 10.594
-1.269, 1.968, 7.973
-3.378, -4.36, 8.159
-2.921, 2.025, 11.423
-0.065, -1.029, 8.004
-0.065, -1.029, 8.004
0.532, 3.127, 13.015
3.029, -2.385, 10.139
2.713, -2.801, 9.541
-1.207, -1.149, 9.012
-2.346, 0.998, 11.988
-2.346, 0.998, 11.988
0.318, -1.482, 8.722
2.291, 3.862, 7.91
0.048, 1.693, 10.953
0.048, 1.693, 10.953
0.749, -0.342, 8.71
0.388, 4.8, 8.854
1.288, 0.931, 8.408
-2.658, -2.483, 3.139
-3.642, -2.406, 4.017
3.321, 2.576, 18.167
2.045, -1.774, 12.742
2.045, -1.774, 12.742
-0.472, 1.757, 9.833
-1.398, 2.476, 13.13
-1.231, -2.993, 10.075
-0.156, 3.74, 13.019
1.585, -0.297, 8.576
-2.696, 0.795, 7.295
-1.384, 1.271, 12.435
-1.384, 1.271, 12.435
0.237, 1.037, 10.367
-2.598, 1.796, 12.653
0.278, 3.984, 6.048
0.01, 3.78, 5.988
-0.213, -2.26, 7.913
0.536, 2.234, 7.479
-1.104, -2.933, 9.598
-0.871, 7.467, 14.454
-0.871, 7.467, 14.454
2.564, 3.184, 7.913
-0.871, 0.204, 15.112
0.227, 6.74, 6.158
0.227, 6.74, 6.158
-0.373, -0.912, 8.499
-3.534, -3.4, 11.679
-0.737, 5.293, 11.664
2.227, 1.434, 9.091
-1.269, -3.144, 9.962
0.072, 4.762, 15.114
-2.167, -2.339, 10.965
3.668, 4.47, 13.003
-2.701, -0.297, 10.139
-2.701, -0.297, 10.139
-0.74, -1.657, 12.524
-0.445, 1.197, 11.317
-1.908, 2.052, 10.7
-0.52, -1.046, 10.606
-0.52, -1.046, 10.606
1.834, 0.347, 9.189
-0.292, 0.074, 10.774
-0.654, 1.446, 11.236
-1.453, 5.133, 8.559
-2.262, -3.084, 10.082
-2.155, 5.813, 8.988
0.177, 2.035, 11.418
-1.377, -3.558, 6.316
-1.377, -3.558, 6.316
3.098, 3.831, 13.668
2.306, 4.836, 5.897
-0.51, -1.633, 7.841
-0.881, -5.08, 11.578
2.251, 2.638, 9.996
2.251, 2.638, 9.996
0.249, -5.971, 4.226
0.244, 8.238, 5.162
0.508, -1.968, 7.771
-4.18, -1.128, 10.293
-4.18, -1.128, 10.293
0.409, 5.205, 9.783
-3.261, -0.151, 5.42
-3.261, -0.151, 5.42
-1.209, 1.8, 11.159
1.487, -0.065, 8.08
-1.75, 0.29, 9.742
2.868, 2.205, 9.859
2.868, 2.205, 9.859
-0.812, 0.678, 11.389
0.625, 0.792, 7.877
0.661, 1.539, 10.829
-1.863, -2.011, 14.161
-1.863, -2.011, 14.161
0.649, 2.555, 15.066
-2.476, 1.664, 7.027
-1.439, 5.267, 13.611
0.625, 1.278, 9.723
0.625, 1.278, 9.723
-2.358, 2.085, 8.562
-1.156, -1.065, 13.003
-0.946, 5.849, 6.91
-0.946, 5.849, 6.91
-0.163, -0.074, 12.043
-0.062, -3.484, 11.851
-0.062, -3.484, 11.851
-1.391, 1.065, 11.157
-1.405, -3.874, 6.103
-0.194, 2.411, 15.32
-0.589, 2.227, 6.421
0.148, -5.255, 10.58
0.148, -5.255, 10.58
-2.002, 2.696, 13.027
-1.037, 3.481, 13.089
0.713, -5.43, 6.299
0.802, 2.667, 13.764
-0.01, -2.792, 5.88
-0.01, -2.792, 5.88
1.982, 1.544, 16.888
-0.163, 0.0, 5.31
-2.629, -1.314, 14.274
-2.629, -1.314, 14.274
-2.126, 0.96, 14.777
0.965, 4.843, 7.12
-0.776, -2.37, 8.743
3.342, 0.63, 9.701
-1.448, 5.344, 7.271
0.517, -4.417, 8.181
-0.972, 0.5, 14.489
-1.903, 2.471, 7.18
-1.666, -2.775, 4.693
2.004, 4.384, 10.98
1.867, 0.96, 7.673
1.867, 0.96, 7.673
-1.403, -0.005, 11.454
0.927, -0.299, 7.144
1.52, 0.943, 9.306
-0.206, 2.064, 7.714
-0.206, 2.064, 7.714
-2.653, -0.342, 8.641
-0.85, -3.096, 15.438
-0.524, 4.288, 11.827
-0.953, 3.503, 12.004
1.434, -4.863, 6.637
-0.687, 0.745, 11.468
-1.717, -1.915, 8.344
-1.717, -1.915, 8.344
-0.213, -5.904, 12.342
1.721, 2.009, 9.866
1.721, 2.009, 9.866
-1.52, -2.138, 5.791
0.417, 1.647, 8.928
0.417, 1.647, 8.928
-0.9, 1.729, 10.257
-1.966, -0.347, 7.767
0.637, 4.987, 11.695
0.637, 4.987, 11.695
-0.062, -7.7, 5.815
-2.588, 7.005, 13.256
-3.381, -0.747, 7.262
-3.381, -0.747, 7.262
-1.784, -0.199, 11.724
0.402, -2.349, 8.588
0.402, -2.349, 8.588
1.824, -1.216, 9.656
-2.758, 3.879, 6.811
-1.02, 0.996, 9.826
-1.544, -1.731, 7.714
-0.948, 0.448, 8.633
0.474, 3.67, 10.091
-0.017, -2.828, 10.525
1.604, 3.031, 7.664
1.604, 3.031, 7.664
2.878, 1.111, 11.767
1.032, 0.35, 13.908
-1.738, 1.532, 6.325
-1.738, 1.532, 6.325
-1.324, 0.807, 10.826
-1.561, -0.903, 10.096
0.699, 3.773, 14.679
0.845, 1.07, 11.722
1.573, 0.486, 9.435
-0.029, -2.004, 8.566
2.595, 3.136, 13.695
2.595, 3.136, 13.695
-1.597, 1.786, 8.226
-0.682, 3.256, 12.143
-0.682, 3.256, 12.143
3.079, 1.034, 10.345
0.922, -1.8, 16.175
1.985, 4.295, 7.362
1.985, 4.295, 7.362
-0.357, 6.069, 6.622
0.457, -4.863, 8.873
1.487, 4.688, 10.865
-2.947, -1.159, 8.569
-3.63, 1.379, 9.998
-3.63, 1.379, 9.998
1.623, 4.235, 9.172
-1.963, -1.834, 5.77
0.967, -0.615, 16.536
-0.816, 4.278, 5.758
2.543, -0.548, 12.423
2.543, -0.548, 12.423
-3.146, -3.474, 5.078
-0.735, 3.905, 10.372
-2.923, -3.187, 4.226
3.05, 1.966, 15.39
2.825, 1.264, 14.164
1.183, -0.709, 4.228
-1.487, -2.689, 6.706
-0.175, 1.561, 14.102
-0.175, 1.561, 14.102
-0.476, 2.629, 6.165
-2.739, 0.362, 9.85
0.189, -1.86, 10.697
-0.864, 0.122, 9.622
-2.883, -3.539, 6.34
-2.883, -3.539, 6.34
0.893, 2.246, 17.087
0.733, -1.408, 13.474
0.84, 5.394, 7.336
-1.357, 0.845, 8.492
-1.357, 0.845, 8.492
1.238, -3.876, 11.042
-0.821, -1.41, 14.061
-0.383, 2.806, 9.701
-0.383, 2.806, 9.701
0.287, -2.322, 6.898
1.961, 2.406, 12.04
0.124, -0.919, 10.087
-0.352, -6.067, 11.126
-0.302, -1.008, 11.162
-2.239, 7.604, 7.341
0.699, -0.333, 4.005
0.699, -0.333, 4.005
-2.085, -2.624, 10.68
-1.59, 3.314, 8.54
1.164, -1.101, 10.395
2.028, -1.611, 7.927
0.543, 1.923, 7.587
0.843, 0.699, 9.95
-1.63, -0.752, 9.275
0.012, -1.08, 10.68
1.63, 4.278, 9.644
-1.077, -3.148, 12.744
-1.077, -3.148, 12.744
1.769, 2.231, 10.728
-1.58, 0.795, 6.086
0.613, -0.278, 11.025
-1.606, 0.95, 5.65
-2.543, 0.285, 10.795
-2.543, 0.285, 10.795
-2.643, -1.7, 12.799
-0.486, -0.366, 6.194
-0.486, -0.366, 6.194
0.084, -2.452, 11.447
0.287, 3.905, 6.474
-0.905, 3.299, 7.992
1.171, -3.067, 10.786
-2.595, 1.721, 7.927
-1.688, -5.399, 7.326
-0.682, 6.153, 13.065
-0.682, 6.153, 13.065
-0.974, -0.369, 13.415
-0.235, 6.249, 15.028
-0.235, 6.249, 15.028
0.74, -0.953, 4.527
-0.158, -0.383, 10.491
-0.158, -0.383, 10.491
0.474, 0.953, 7.063
-0.4, 2.052, 9.512
-0.445, -0.986, 8.866
2.77, 3.187, 9.512
2.77, 3.187, 9.512
-1.69, 0.931, 6.084
-0.694, 2.387, 8.092
2.315, 0.302, 11.571
-2.011, 0.347, 7.949
0.103, 0.244, 10.862
-1.329, 1.231, 6.519
0.12, 0.103, 11.154
0.385, 1.094, 8.248
-1.118, 1.695, 9.198
-1.085, 1.441, 9.96
-1.525, -2.346, 7.642
1.413, 0.989, 4.381
0.965, -0.093, 9.292
-3.4, -2.468, 10.769
-3.4, -2.468, 10.769
-2.243, 3.874, 12.347
-2.655, -3.953, 9.146
-1.829, 5.509, 14.118
-1.829, 5.509, 14.118
0.043, 1.25, 10.874
-1.125, 1.269, 13.154
-0.788, 2.109, 8.849
1.903, -1.551, 11.284
-0.824, -3.493, 7.853
-0.86, -2.749, 9.239
1.118, 3.551, 11.698
-1.963, 0.852, 11.573
-0.089, 0.895, 11.636
-3.179, -1.278, 10.163
-3.179, -1.278, 10.163
1.987, 1.293, 13.601
1.348, 1.829, 10.544
-0.843, 0.421, 10.285
-0.843, 0.421, 10.285
-1.87, 0.936, 7.8
-0.579, -2.483, 9.787
-0.599, 0.96, 12.407
-1.183, 2.231, 11.327
1.374, -1.64, 10.388
-2.018, -2.109, 8.171
-1.946, -2.071, 9.043
2.124, 0.754, 12.749
0.18, 0.713, 10.915
-0.73, -1.683, 8.377
1.3, 0.28, 6.749
1.3, 0.28, 6.749
0.148, -1.128, 10.573
-1.221, -0.007, 7.726
0.263, 3.874, 6.608
0.699, -2.033, 8.372
-0.098, 3.91, 9.799
-0.417, 0.563, 8.406
-0.141, -2.909, 6.955
-0.141, -2.909, 6.955
-1.247, 3.266, 8.298
-1.204, 2.82, 9.419
-1.468, -3.534, 7.692
0.795, -1.494, 17.334
0.876, 6.105, 7.647
-1.956, -2.794, 4.049
-3.237, -2.2, 4.441
2.037, -0.476, 10.067
-0.912, -1.245, 9.692
-0.912, -1.245, 9.692
-1.616, 0.0, 13.872
1.772, -0.673, 8.281
1.772, -0.673, 8.281
-1.156, 0.074, 6.775
1.185, 2.282, 9.447
-0.426, -2.346, 10.733
-0.426, -2.346, 10.733
-0.187, 5.753, 11.861
0.986, 2.243, 8.815
-0.79, 1.022, 12.732
-1.008, 1.834, 13.508
-2.693, 5.66, 8.26
-0.381, 2.83, 12.17
-0.381, 2.83, 12.17
0.831, -0.845, 11.102
0.881, -0.369, 8.439
2.911, 3.857, 9.098
2.318, -0.469, 6.424
0.263, 1.322, 10.132
0.263, 1.322, 10.132
-0.943, 2.681, 8.641
1.753, -3.797, 11.614
1.796, 4.736, 11.547
2.93, 4.594, 10.058
-4.319, -6.373, 8.767
-4.319, -6.373, 8.767
-0.036, 1.228, 14.032
-2.107, -3.407, 6.558
-0.249, -1.554, 12.495
3.048, 4.415, 1.08
3.048, 4.415, 1.08
0.156, -0.898, 11.097
-1.223, 0.093, 8.478
-0.33, -1.884, 10.158
0.812, 1.618, 14.959
-0.503, -3.311, 10.477
-0.151, -2.974, 11.181
-1.271, -0.12, 11.327
-0.452, -2.511, 8.765
-0.452, -2.511, 8.765
-3.043, 2.732, 12.371
-1.848, -0.134, 9.986
-1.848, -0.134, 9.986
-0.771, -2.363, 9.538
1.003, 0.5, 11.865
-0.101, 1.846, 10.18
0.656, -3.311, 11.296
-2.488, 2.042, 6.493
-2.488, 2.042, 6.493
-1.927, -1.101, 10.632
-1.25, 2.478, 8.985
1.575, -2.047, 10.798
1.575, -2.047, 10.798
-0.563, 1.341, 9.428
2.751, 0.967, 7.147
-0.388, 0.292, 10.678
-1.523, 1.164, 8.679
0.634, -1.793, 9.306
-0.177, 0.366, 9.325
-0.244, 3.266, 6.151
-0.244, 3.266, 6.151
0.558, -3.563, 10.005
-0.342, 1.209, 8.08
-0.311, -0.51, 6.548
-3.922, -2.521, 8.047
-0.759, 0.893, 14.509
0.587, 2.239, 4.975
0.587, 2.239, 4.975
1.317, -2.545, 11.291
1.171, -1.573, 7.922
2.725, 1.781, 6.816
2.725, 1.781, 6.816
2.255, -5.696, 12.148
-1.549, 1.417, 12.548
-0.632, 0.177, 4.846
-0.369, 2.816, 10.372
-0.816, -0.144, 6.687
0.632, 2.143, 12.071
0.467, 0.05, 10.604
0.467, 0.05, 10.604
-0.757, -0.984, 12.287
-2.013, 1.597, 12.093
0.524, -1.02, 8.557
-1.123, 0.299, 11.071
-1.123, 0.299, 11.071
-0.103, 3.658, 11.904
1.142, -0.685, 12.098
-1.966, 4.185, 7.443
-1.381, 1.786, 9.811
-0.409, 1.846, 10.41
0.946, -1.408, 10.716
0.634, 2.083, 9.804
-1.243, 3.426, 9.222
-1.243, 3.426, 9.222
-0.093, -3.979, 6.991
0.292, 2.483, 5.174
1.278, -3.512, 7.429
1.278, -3.512, 7.429
1.738, -0.254, 15.679
1.346, 0.105, 9.603
0.479, -1.015, 10.798
0.773, -1.281, 10.331
-1.681, -1.219, 11.602
-1.293, -3.337, 13.958
-1.293, -3.337, 13.958
-0.491, -2.504, 10.082
-1.188, 0.268, 12.313
-1.188, 0.268, 12.313
-1.142, -0.244, 6.045
-1.621, 1.305, 11.324
-0.321, 3.318, 8.571
2.258, -0.376, 11.925
-1.535, -0.922, 8.202
-0.551, 0.103, 12.866
1.341, 1.334, 6.89
-0.23, -1.211, 8.794
-0.23, -1.211, 8.794
0.247, -0.838, 12.0
-1.633, 2.061, 10.63
-0.259, -1.039, 11.241
0.271, -1.951, 11.49
-1.097, 5.406, 11.382
-1.097, 5.406, 11.382
0.165, -5.59, 9.05
1.176, -2.081, 12.687
-1.901, 0.371, 8.459
-1.901, 0.371, 8.459
-2.605, -2.277, 7.879
-0.429, 4.791, 11.229
3.053, 1.496, 7.53
-1.815, -3.941, 6.122
4.144, 6.062, 6.742
4.611, 5.976, 4.898
-0.673, -2.993, 7.264
-0.673, -2.993, 7.264
-0.045, 0.903, 7.546
2.006, 2.94, 11.229
-0.012, 0.249, 8.262
1.041, 2.612, 9.158
1.108, 2.042, 11.854
1.108, 2.042, 11.854
-0.816, -1.657, 5.255
-0.572, 0.342, 13.087
-0.927, 4.247, 10.668
-0.663, -4.367, 10.563
-1.228, 5.009, 11.712
-1.228, 5.009, 11.712
-0.491, 1.961, 11.834
-0.115, -1.195, 5.636
-0.283, 0.445, 10.352
1.029, -1.235, 11.176
0.01, -3.304, 7.278
2.799, 5.839, 11.03
1.001, 2.813, 7.343
-0.524, -0.543, 9.155
0.821, -0.613, 12.423
0.821, -0.613, 12.423
0.256, -0.405, 12.349
0.733, 2.138, 13.984
0.826, 1.911, 13.678
-0.378, -2.71, 7.997
-0.34, 0.773, 14.53
0.036, -1.978, 11.157
-0.062, 0.249, 13.022
-0.108, 4.891, 6.414
0.433, -2.045, 12.287
0.433, -2.045, 12.287
-2.334, -1.018, 10.367
1.889, 3.831, 9.119
-0.441, -0.081, 11.267
1.616, -1.508, 4.537
0.141, -0.783, 12.474
0.141, -0.783, 12.474
1.662, 3.342, 8.763
0.259, -1.47, 11.758
-0.148, 3.606, 7.805
0.879, -3.321, 9.083
0.879, -3.321, 9.083
-2.27, 0.211, 10.003
-1.111, 2.325, 10.223
-0.35, 2.452, 16.252
-0.35, 2.452, 16.252
0.01, -1.951, 5.128
0.797, 0.67, 8.739
1.659, -0.199, 11.243
0.543, -0.962, 9.23
-0.706, 1.453, 11.786
1.219, -1.453, 7.654
-0.165, -0.084, 8.483
-0.165, -0.084, 8.483
-1.688, 0.922, 10.489
-2.203, 1.094, 10.57
-0.4, 1.135, 9.313
-0.019, -0.421, 7.707
-0.019, -0.421, 7.707
1.453, 1.92, 13.534
1.235, 0.757, 4.7
-1.422, 0.754, 12.249
-0.22, -1.178, 7.393
0.005, -1.446, 7.578
0.871, -0.4, 11.322
1.051, 1.357, 9.388
1.051, 1.357, 9.388
1.085, -0.385, 7.618
1.683, -2.863, 5.358
-0.891, 1.02, 14.837
-0.874, 1.733, 7.901
1.176, 1.973, 12.126
1.176, 1.973, 12.126
0.213, -0.915, 8.171
0.536, -0.845, 11.492
1.714, 1.073, 10.532
-2.006, -0.955, 7.645
2.897, 4.288, 14.152
2.897, 4.288, 14.152
0.333, -1.3, 7.017
-0.773, 2.763, 11.956
-0.773, 2.763, 11.956
-0.218, 1.757, 11.169
-1.061, -2.689, 10.264
2.425, 4.807, 7.161
1.039, 1.865, 10.735
1.039, 1.865, 10.735
1.063, -6.704, 7.949
-1.537, 4.135, 4.582
0.551, -3.517, 8.696
2.59, 1.259, 11.482
-1.903, 1.233, 4.477
-1.903, 1.233, 4.477
-2.665, -2.222, 10.711
-0.22, 0.804, 6.163
-0.22, 0.804, 6.163
0.879, -1.36, 9.445
-1.053, -2.03, 13.211
-1.053, -2.03, 13.211
0.984, 4.738, 7.613
1.781, 0.848, 11.159
-4.259, 1.621, 3.84
-3.759, 1.003, 4.499
-0.268, -2.526, 10.479
-0.833, 4.714, 10.036
-1.748, -3.067, 6.603
-1.748, -3.067, 6.603
-1.468, 1.585, 15.569
-2.449, 1.86, 5.899
-0.934, 1.065, 11.494
-0.934, 1.065, 11.494
-1.168, 1.104, 7.633
1.417, -1.963, 9.028
-1.748, -0.814, 14.82
3.61, 4.944, 11.214
3.036, 5.619, 9.809
0.493, -0.352, 5.636
-1.451, 6.68, 10.678
4.657, 1.635, 9.799
-0.769, -4.755, 7.551
-0.769, -4.755, 7.551
0.043, 2.435, 16.434
-0.034, 0.764, 4.616
-0.101, 0.074, 10.24
0.273, -0.888, 12.471
0.273, -0.888, 12.471
-0.127, 2.344, 6.957
-0.026, -5.38, 9.625
-2.356, 5.04, 7.283
2.229, -5.547, 6.85
2.004, -1.738, 10.738
2.004, -1.738, 10.738
-0.919, 4.829, 7.918
0.797, -1.188, 7.673
0.797, -1.188, 7.673
-0.867, -2.155, 9.941
0.163, 0.419, 5.669
0.163, 0.419, 5.669
-2.823, -1.803, 7.381
0.539, 0.857, 12.823
2.301, -0.876, 7.977
2.528, -0.656, 7.669
-1.501, 0.158, 8.923
2.284, 4.219, 11.856
-2.03, 2.217, 4.558
-0.86, 3.524, 10.484
-0.86, 3.524, 10.484
3.191, -0.922, 13.13
-0.599, 0.8, 13.438
2.025, 2.09, 7.431
-1.068, -0.606, 5.842
-1.068, -0.606, 5.842
-0.213, -3.823, 8.787
0.505, 3.706, 12.023
2.303, 0.366, 13.005
0.886, 3.701, 16.053
1.429, 3.481, 5.897
1.429, 3.481, 5.897
1.307, -5.279, 12.284
1.681, 1.781, 14.561
-0.347, 2.997, 8.743
-0.407, -2.267, 8.123
-3.002, -4.798, 8.971
1.429, 2.138, 7.144
-0.567, -6.986, 8.044
0.589, 1.314, 19.455
-0.79, 3.685, 6.574
-0.527, -3.127, 10.898
-0.527, -3.127, 10.898
0.955, -0.754, 13.264
2.885, 2.09, 6.948
2.885, 2.09, 6.948
-0.575, 0.069, 10.949
-1.58, -1.956, 8.052
-0.625, -0.69, 9.481
-0.575, 0.589, 11.025
-1.408, 1.082, 8.6
-1.844, 1.446, 8.607
1.846, 1.477, 12.902
0.541, 0.486, 4.3
0.168, -2.241, 9.881
-1.348, 2.399, 11.02
-1.357, -2.974, 9.711
-1.357, -2.974, 9.711
-1.973, 0.405, 9.926
-0.785, -0.117, 6.433
-0.608, -1.52, 13.156
-0.927, -0.986, 12.323
-0.927, -0.986, 12.323
2.179, 4.013, 8.277
-0.223, -3.017, 13.005
2.887, 1.41, 9.04
2.887, 1.41, 9.04
0.747, -0.589, 10.649
-2.042, -1.123, 10.441
-2.042, -1.123, 10.441
-0.517, 0.994, 13.276
-0.488, -1.116, 10.621
-0.488, -1.116, 10.621
1.918, 1.484, 10.118
-0.342, 1.652, 11.169
-0.225, 1.506, 17.602
1.489, -1.283, 9.627
-0.366, -2.593, 8.145
-0.366, -2.593, 8.145
2.418, 2.344, 10.364
0.338, -1.616, 10.29
0.646, -1.982, 10.692
3.541, -1.374, 10.101
0.038, -0.606, 8.133
0.038, -0.606, 8.133
-0.187, 2.502, 11.473
-0.601, 3.196, 9.49
0.45, -0.953, 10.491
0.45, -0.953, 10.491
-2.859, -2.131, 9.371
0.177, 2.878, 12.663
0.654, 1.357, 9.153
-0.201, 0.318, 4.575
0.129, -0.206, 10.87
0.261, -0.464, 7.669
0.261, -0.464, 7.669
-0.352, -0.917, 8.734
-0.345, 0.864, 9.651
-0.931, 0.943, 9.498
-1.281, -2.468, 11.693
-1.281, -2.468, 11.693
-0.335, 2.66, 9.706
-0.496, -0.275, 10.805
-2.195, 1.14, 6.23
2.729, 0.278, 13.245
3.045, 0.682, 13.86
-0.651, 1.293, 7.841
-1.585, -2.198, 6.357
1.839, 0.69, 13.944
-0.982, 1.963, 4.891
-0.034, -1.604, 10.525
0.086, 1.073, 11.095
0.086, 1.073, 11.095
0.419, 1.444, 10.407
-2.418, -1.822, 8.08
