-0.905, 2.16, 11.47
-0.292, 2.37, 12.663
-0.754, 2.308, 8.667
-1.472, 0.903, 10.106
-0.979, 0.998, 10.168
-1.02, 1.233, 9.335
-1.678, 0.953, 9.404
-1.678, 0.953, 9.404
-1.496, 0.757, 9.524
-0.481, 1.891, 9.538
-1.192, 1.743, 9.033
-1.348, 1.47, 8.54
-1.915, 1.879, 11.686
-2.157, 1.808, 10.908
-1.934, 1.231, 8.899
-2.313, 1.027, 11.379
-1.29, 1.671, 8.992
-1.322, 0.524, 8.054
-1.535, 1.47, 10.156
-1.535, 1.47, 10.156
-0.886, 1.379, 9.048
-1.305, 1.02, 10.264
-1.247, 1.295, 10.716
-1.482, 1.451, 10.436
-1.482, 1.451, 10.436
-2.021, 0.996, 9.572
-1.781, 0.721, 9.807
-1.688, 1.688, 11.13
-1.262, 1.475, 9.933
-1.53, 1.278, 10.446
-1.53, 1.278, 10.446
-1.463, 1.12, 10.067
-1.829, 1.501, 10.264
-1.812, 1.568, 10.824
-0.962, 1.097, 8.712
-1.377, 1.923, 10.271
-1.377, 1.923, 10.271
-1.468, 1.846, 11.095
-0.594, 0.924, 8.767
-1.592, 0.618, 9.847
-0.429, 1.523, 11.152
-1.056, 1.604, 11.08
-1.056, 1.604, 11.08
-0.845, 0.455, 10.015
-0.876, 1.669, 10.726
-1.171, 2.545, 9.965
-0.031, 0.967, 9.988
-0.089, 1.307, 9.062
0.558, 1.982, 9.526
0.062, 2.131, 8.933
0.311, -0.136, 9.502
1.077, 1.518, 11.236
-0.06, 1.006, 8.751
-0.448, 1.142, 10.798
1.015, 1.132, 10.96
-0.321, 0.508, 9.739
-0.28, -0.306, 10.357
-0.038, 1.439, 10.984
0.745, 0.905, 10.206
0.713, 0.769, 9.23
0.718, 0.627, 9.146
-0.048, 1.468, 8.882
-0.096, 1.199, 10.594
-0.096, 1.199, 10.594
0.022, 0.838, 9.306
0.883, 1.451, 10.489
0.883, 1.451, 10.489
-0.512, 1.393, 7.08
-0.376, 1.726, 11.269
-0.271, 1.14, 10.017
-0.532, 1.07, 10.032
-0.132, 0.634, 9.402
-0.658, 1.968, 9.965
-0.158, 1.274, 9.086
-0.613, 1.178, 9.258
-0.402, 0.508, 9.739
-0.891, 1.034, 10.702
-1.432, 0.74, 9.608
-1.161, 2.526, 11.229
-0.596, 2.349, 10.826
-1.324, 1.168, 9.677
-1.324, 1.168, 9.677
-0.974, 1.587, 9.196
-0.982, 1.568, 9.443
-0.68, 0.163, 10.024
-0.68, 0.163, 10.024
-1.506, 2.851, 10.12
-0.381, 2.337, 10.115
-0.919, -0.706, 7.982
-0.632, 1.844, 10.915
-1.525, 2.131, 10.269
-1.053, 1.092, 9.486
-0.23, 0.996, 9.459
-0.101, 1.149, 10.781
-0.101, 1.149, 10.781
0.481, 3.103, 9.78
0.204, 1.085, 13.537
0.204, 1.085, 13.537
-0.254, 1.453, 8.593
0.637, 1.326, 10.692
-0.522, 0.632, 10.647
-0.462, 0.534, 10.707
0.565, 1.683, 10.02
0.134, 1.336, 10.187
-0.572, -1.051, 9.385
0.165, 2.521, 11.849
0.508, 1.123, 10.697
0.795, 2.035, 10.707
0.553, 1.269, 9.852
0.553, 1.269, 9.852
0.189, 0.23, 9.778
0.285, 1.439, 9.036
-0.055, 0.804, 9.459
-0.115, 1.346, 9.361
-0.115, 1.346, 9.361
-0.17, 1.551, 9.38
-0.055, 1.104, 9.625
-0.326, 1.01, 9.878
-0.326, 1.01, 9.878
-0.63, 1.669, 10.486
-0.333, 0.718, 9.196
-0.029, 0.965, 10.113
0.201, 1.937, 9.239
-0.256, 0.043, 8.918
-0.208, 1.264, 10.812
-0.644, 0.373, 9.21
-0.644, 0.373, 9.21
-1.128, 1.415, 9.921
-0.441, 1.252, 8.995
-0.208, 0.958, 9.907
-0.067, 0.783, 9.294
-0.251, 1.214, 10.111
-0.302, 1.365, 9.809
-0.302, 1.365, 9.809
0.773, 1.223, 10.271
0.764, 1.207, 9.763
0.002, 1.846, 10.807
-0.589, 1.197, 9.785
-0.534, 0.417, 10.611
-0.467, 0.52, 10.685
0.12, 1.278, 10.015
0.12, 1.278, 10.015
0.194, 0.692, 10.733
-0.35, 0.498, 10.271
0.292, 1.602, 11.281
-0.383, 0.498, 10.017
-0.383, 0.498, 10.017
0.285, 2.033, 10.084
-0.136, 0.196, 9.739
0.084, -0.038, 10.23
-0.625, 2.21, 10.178
-0.783, 2.236, 10.711
0.261, 0.22, 8.552
-0.433, 0.819, 10.077
-0.002, 1.314, 9.823
-0.002, 1.314, 9.823
-0.469, 1.329, 9.897
0.168, 1.137, 9.38
0.168, 1.137, 9.38
0.338, 1.336, 9.538
0.436, 0.534, 8.576
-0.685, 1.707, 9.206
-0.685, 1.707, 9.206
-0.649, -0.445, 9.471
0.299, 1.472, 9.227
0.299, 1.472, 9.227
0.215, -0.23, 9.397
-0.208, 0.907, 10.324
0.4, 1.544, 9.682
0.412, 0.874, 8.863
0.33, 2.042, 9.507
0.33, 2.042, 9.507
-0.328, 0.96, 9.328
-0.354, 2.344, 9.543
-0.354, 2.344, 9.543
-0.297, 1.331, 9.596
-0.323, 1.283, 10.508
-0.28, 2.37, 8.988
0.141, 0.761, 10.879
0.141, 0.761, 10.879
-0.323, 0.591, 10.326
0.002, 1.721, 10.884
-0.673, -0.074, 9.66
0.4, 2.327, 12.533
-0.666, 0.407, 11.662
-0.666, 0.407, 11.662
-0.864, 2.849, 9.182
-0.16, 0.151, 12.251
0.532, 2.047, 11.056
0.532, 2.047, 11.056
-0.333, 0.484, 10.431
0.134, 1.049, 11.207
-0.134, 0.311, 9.5
-0.297, 2.227, 12.287
-0.012, 0.572, 9.464
0.591, 2.318, 9.902
0.029, 1.156, 9.344
-0.036, 0.364, 9.316
-0.089, 1.556, 9.124
-0.041, 1.362, 10.125
-0.041, 1.362, 10.125
-0.321, 0.357, 8.545
0.127, 2.215, 9.84
0.127, 2.215, 9.84
0.493, 1.233, 9.933
-0.316, 2.128, 10.853
0.754, 1.027, 8.799
0.931, 0.97, 8.765
-0.227, -0.958, 9.529
-0.242, 0.433, 9.584
0.73, -0.16, 10.036
0.912, 0.259, 9.694
0.912, 0.259, 9.694
0.749, 1.259, 9.562
1.149, -0.017, 10.185
0.536, 0.376, 9.68
0.129, -0.062, 9.984
0.388, 0.534, 10.364
0.151, 0.089, 9.874
0.151, 0.089, 9.874
0.251, 0.912, 10.142
0.587, 0.553, 10.309
0.072, -0.18, 8.559
0.026, 0.912, 9.591
-0.364, 0.546, 9.136
-0.134, -0.304, 10.594
-0.134, -0.304, 10.594
0.426, 0.615, 11.205
-0.35, 0.256, 9.012
0.072, -0.024, 9.814
0.072, -0.024, 9.814
0.041, 0.883, 10.951
-0.254, 0.158, 9.397
-0.658, -0.019, 9.876
-0.421, 0.089, 10.52
-0.014, 0.524, 9.653
-0.014, 0.524, 9.653
-0.086, 0.043, 10.546
0.045, 0.769, 10.372
-0.347, 0.452, 9.397
-0.347, 0.452, 9.397
0.783, 0.208, 10.103
0.376, 0.038, 9.165
0.848, 0.73, 8.26
0.776, 0.613, 10.0
0.776, 0.613, 10.0
0.678, -0.627, 9.162
0.376, 0.18, 9.522
0.376, 0.18, 9.522
0.864, 0.725, 10.484
-0.146, 0.136, 9.404
0.184, 0.11, 10.237
0.22, -0.139, 11.243
0.22, -0.139, 11.243
0.311, -0.029, 9.854
0.261, -0.196, 10.108
0.201, -0.019, 10.127
0.201, -0.019, 10.127
-0.189, -0.503, 10.85
0.347, 0.687, 10.898
0.144, 0.627, 10.917
-0.12, 0.318, 10.278
-1.006, 0.996, 9.354
0.287, -0.46, 9.926
-0.124, -0.175, 9.49
0.721, 1.3, 12.232
0.194, 0.268, 8.875
0.33, 0.101, 10.793
0.33, 0.101, 10.793
-0.215, 0.51, 8.387
-0.057, 2.143, 10.381
0.773, -0.103, 9.39
0.773, -0.103, 9.39
0.618, 0.335, 9.945
0.417, -0.924, 10.791
0.417, -0.924, 10.791
0.187, 0.077, 10.745
0.529, 1.793, 10.905
-0.287, -0.294, 10.137
0.567, 0.821, 10.68
0.445, 1.113, 10.312
0.263, 0.982, 10.379
0.254, 1.228, 8.99
-0.278, 1.228, 10.099
-0.697, 0.462, 8.308
-0.697, 0.462, 8.308
0.476, 1.812, 9.512
0.244, 0.68, 10.06
1.283, 1.889, 10.264
-0.187, 1.061, 10.17
-0.259, 0.967, 10.199
1.015, 0.309, 9.464
0.256, 0.965, 10.731
0.256, 0.965, 10.731
0.283, 1.405, 10.542
-0.309, 0.979, 10.46
-0.309, 0.979, 10.46
0.608, 0.596, 10.573
0.247, -0.069, 8.854
0.515, 0.383, 9.399
0.515, 0.383, 9.399
-0.527, -0.019, 10.094
0.342, 0.867, 9.23
0.342, 0.867, 9.23
0.098, 0.575, 9.287
-0.175, 0.644, 10.008
-0.175, 0.644, 10.008
0.539, 0.953, 9.287
0.043, 0.148, 8.384
0.448, 0.529, 10.044
0.17, -0.096, 8.698
0.045, 0.156, 10.817
0.364, 0.464, 10.144
0.364, 0.464, 10.144
0.491, 0.807, 9.862
-0.314, -0.342, 9.917
-0.089, 0.503, 10.146
-0.089, 0.503, 10.146
0.223, 0.141, 10.264
0.297, 0.388, 10.29
0.271, 0.486, 10.24
-0.034, -0.991, 10.23
0.103, 0.962, 11.236
0.103, 0.962, 11.236
-0.28, 1.317, 8.858
-0.441, 0.874, 10.963
-0.438, 1.494, 9.574
-0.438, 1.494, 9.574
0.098, 0.735, 10.012
0.096, 0.33, 8.456
0.414, 0.716, 9.792
0.036, -0.22, 9.756
-0.211, 0.057, 9.778
0.206, 2.033, 9.567
0.206, 2.033, 9.567
0.955, 0.419, 8.437
0.239, -0.441, 9.72
0.244, 0.634, 10.489
0.275, 0.9, 9.948
0.28, 0.101, 10.293
0.28, 0.101, 10.293
0.144, 0.505, 10.24
0.158, 0.194, 9.474
0.895, 0.256, 9.593
0.584, 1.994, 9.438
-0.247, 0.395, 8.858
0.105, 0.438, 11.212
0.287, 0.575, 11.403
1.324, 1.851, 9.967
0.376, 0.287, 11.169
0.182, 1.003, 10.259
-0.038, 1.046, 9.103
-0.038, 1.046, 9.103
0.069, 0.476, 10.175
-0.795, -0.201, 9.553
0.318, 1.314, 11.243
-0.129, 0.417, 9.675
-0.041, 0.596, 9.725
-0.065, 0.955, 10.319
-0.333, 0.749, 9.507
-0.448, 1.008, 9.605
0.864, 1.281, 9.694
0.864, 1.281, 9.694
0.259, 1.647, 10.369
0.63, 0.237, 12.019
0.292, 0.481, 11.789
-0.002, 0.256, 10.917
-0.002, 0.256, 10.917
0.067, -0.22, 9.294
0.989, 0.436, 8.55
0.357, 0.567, 9.488
0.067, 0.05, 9.708
0.067, 0.05, 9.708
-0.014, 2.274, 10.618
-0.273, 0.752, 9.66
-0.414, 0.165, 8.755
0.11, 1.628, 10.19
0.464, 1.01, 10.635
0.464, 1.01, 10.635
-0.33, 0.06, 8.899
0.68, 0.783, 10.261
0.5, 0.163, 10.247
0.069, 0.124, 10.585
0.11, 0.266, 10.331
0.488, 1.7, 11.437
-0.654, -0.206, 9.591
0.12, 1.755, 11.664
0.12, 1.755, 11.664
0.721, -0.005, 8.89
-0.345, -0.869, 11.633
-0.11, 1.396, 11.461
-0.285, 1.319, 10.082
0.218, -0.345, 10.443
0.218, -0.345, 10.443
-0.366, 0.39, 9.976
0.433, 1.369, 10.87
0.476, 0.316, 9.502
0.476, 0.316, 9.502
-0.108, 0.551, 9.414
0.031, 0.982, 9.593
0.266, 0.381, 8.992
0.225, 0.101, 10.422
0.294, 0.139, 10.819
0.378, 1.331, 8.878
0.431, 0.536, 8.897
0.431, 0.536, 8.897
-0.026, 0.977, 10.553
0.211, 0.754, 10.249
0.065, 0.627, 9.49
0.247, 1.199, 10.817
0.136, 0.141, 9.323
0.371, 0.675, 10.87
0.17, 0.848, 9.931
0.266, 0.678, 9.11
0.266, 0.678, 9.11
0.338, 0.936, 10.46
0.529, 0.175, 9.251
0.438, 1.037, 10.891
0.292, 0.414, 9.433
-0.019, 1.073, 9.174
-0.065, 0.819, 10.271
0.148, 0.426, 10.381
0.29, 3.16, 14.408
0.29, 3.16, 14.408
0.759, 0.855, 9.842
-0.079, -0.634, 10.257
-0.16, 1.393, 9.186
-0.63, 0.52, 8.427
-0.63, 0.52, 8.427
0.646, -0.268, 9.675
0.493, 1.647, 9.234
0.35, 1.805, 8.866
0.5, 0.984, 9.028
0.565, 2.016, 8.399
-0.51, -0.996, 7.745
-0.259, 1.439, 12.761
-0.259, 1.439, 12.761
0.16, 1.144, 8.566
-0.163, 0.536, 7.609
0.421, 1.046, 10.149
0.479, 1.029, 10.285
-0.043, 1.24, 8.413
0.045, 0.038, 10.307
0.045, 0.038, 10.307
0.335, 1.135, 10.683
-0.139, 0.457, 9.775
1.025, 0.733, 10.032
1.025, 0.733, 10.032
0.314, -0.199, 8.325
0.311, 0.634, 11.217
0.218, 0.543, 10.285
-0.048, 0.156, 10.901
0.01, 0.991, 8.681
-0.093, 1.111, 7.657
0.606, -0.326, 10.501
0.567, -0.225, 10.261
1.585, 2.282, 12.39
0.57, -0.184, 8.959
0.57, -0.184, 8.959
0.704, 0.393, 10.824
0.831, -0.156, 10.218
0.651, -0.769, 10.776
0.651, -0.769, 10.776
1.161, 1.764, 7.027
0.764, -0.666, 7.482
0.752, -2.796, 10.242
1.31, 1.573, 12.191
0.697, 0.486, 9.917
-0.012, 1.319, 9.392
0.546, 1.518, 9.258
-0.795, 1.041, 9.706
-0.685, -0.788, 9.081
-0.498, -0.869, 14.054
0.69, 0.16, 12.512
0.038, -0.168, 9.881
0.038, -0.168, 9.881
0.227, 0.541, 10.508
-0.184, 0.045, 12.78
-0.306, 0.041, 12.919
-0.697, 0.397, 11.399
-0.144, 0.56, 12.802
0.364, 0.354, 10.154
0.364, 0.354, 10.154
0.328, 0.206, 9.148
-0.345, 0.158, 9.694
-0.345, 0.158, 9.694
0.407, -0.618, 11.889
0.081, 1.25, 6.893
-0.668, -0.584, 9.04
-0.733, -0.548, 8.727
0.491, 1.202, 9.917
-0.445, 0.354, 10.101
0.541, 0.792, 11.928
0.385, 0.733, 7.769
-0.182, 0.725, 9.356
-0.182, 0.725, 9.356
-0.18, 1.755, 7.343
-0.022, -5.076, 6.218
0.51, 5.231, 13.553
0.51, 5.231, 13.553
0.215, 5.145, 8.236
0.505, -0.596, 12.73
0.505, -0.596, 12.73
1.216, 3.258, 7.262
0.405, 0.965, 10.35
-0.187, 1.923, 11.166
-0.034, 4.487, 7.953
0.383, -0.589, 9.83
-0.026, -1.065, 9.196
1.209, -0.539, 10.929
2.073, 3.211, 9.919
-0.716, -0.474, 9.878
-0.716, -0.474, 9.878
1.243, 2.164, 10.367
-0.16, -0.23, 9.447
0.158, -0.122, 11.032
0.182, -0.022, 10.618
0.632, 1.803, 10.841
0.148, 0.206, 10.082
0.089, 3.077, 11.942
0.651, -0.625, 10.254
0.268, -0.462, 11.854
0.268, -0.462, 11.854
1.255, 1.939, 8.188
-0.283, -0.63, 12.019
0.591, -0.318, 10.542
-0.012, 1.13, 8.813
0.218, 0.39, 12.66
0.12, -1.611, 7.709
0.184, -1.343, 8.178
0.445, 2.421, 14.947
-0.472, -1.207, 11.334
1.245, 1.039, 8.911
1.245, 1.039, 8.911
0.012, 0.189, 11.004
-0.503, 2.095, 12.996
0.452, 0.62, 6.392
0.766, 1.638, 11.193
0.845, 1.7, 11.269
0.211, -0.589, 10.63
0.211, -0.589, 10.63
1.707, 2.828, 9.62
0.01, -0.11, 8.219
0.323, 0.448, 10.214
0.857, 0.757, 10.108
0.048, 1.709, 10.704
0.757, -0.318, 8.837
0.352, 0.685, 10.362
0.591, 1.516, 9.208
0.591, 1.516, 9.208
0.335, 0.256, 10.52
0.553, 0.259, 10.417
0.991, 0.682, 9.742
1.436, 0.946, 10.503
0.584, -0.165, 9.129
0.862, 0.9, 11.81
0.737, 1.018, 11.691
0.709, 1.029, 8.949
1.365, 0.067, 10.065
0.668, 0.733, 11.712
0.668, 0.733, 11.712
0.383, 1.432, 9.191
0.034, 1.135, 9.107
0.034, 1.135, 9.107
0.915, 1.697, 10.771
0.275, 0.218, 9.323
0.646, 1.693, 10.929
0.646, 1.693, 10.929
0.299, 1.295, 10.005
-0.098, -0.393, 9.965
0.393, 0.752, 9.845
0.017, -0.29, 9.218
0.622, 2.892, 11.329
-1.116, -2.298, 7.599
0.548, 1.894, 14.391
1.439, 1.434, 7.8
0.156, -0.302, 10.63
0.156, -0.302, 10.63
0.311, 0.117, 9.304
0.323, 1.041, 9.388
0.323, 1.041, 9.388
0.318, -1.676, 9.632
0.251, 1.808, 9.289
0.654, -1.183, 8.207
0.632, 0.953, 11.442
0.4, 2.21, 7.546
0.4, 2.21, 7.546
0.141, 0.11, 10.089
0.757, 1.949, 10.022
0.757, 1.949, 10.022
1.027, 1.142, 8.31
0.175, -0.766, 9.045
0.522, 1.341, 8.863
-0.536, 0.512, 8.942
-0.536, 0.512, 8.942
0.417, 0.524, 10.927
0.543, 1.015, 8.133
0.788, 0.476, 10.46
0.508, 0.618, 9.292
0.828, 0.881, 9.842
0.828, 0.881, 9.842
0.73, 0.52, 9.938
1.176, 1.142, 11.049
1.176, 1.142, 11.049
0.644, -0.426, 10.585
0.56, 0.01, 11.928
0.146, 0.601, 11.583
-0.194, -0.225, 9.749
0.51, 0.941, 11.995
0.51, 0.941, 11.995
-0.029, 1.286, 8.234
0.457, -0.306, 8.533
0.764, 0.417, 12.617
0.764, 0.417, 12.617
0.024, 1.47, 6.613
-0.285, -0.385, 12.167
-0.16, 1.463, 8.305
-0.364, 0.201, 9.926
0.704, 0.996, 10.786
0.704, 0.996, 10.786
1.082, 1.209, 8.971
0.263, 0.402, 8.605
0.263, 0.402, 8.605
1.47, 1.35, 9.249
0.663, 0.271, 9.15
0.443, 1.925, 8.933
0.443, 1.925, 8.933
1.058, 0.371, 9.292
0.639, 0.79, 10.115
0.639, 0.79, 10.115
0.967, 0.266, 9.627
1.427, 0.297, 10.85
0.421, 1.997, 8.777
0.421, 1.997, 8.777
0.721, 0.405, 9.933
0.306, 1.46, 11.549
0.192, 1.604, 11.971
0.402, 0.498, 9.414
0.539, 0.402, 11.152
0.007, 1.056, 11.243
0.007, 1.056, 11.243
-0.548, 0.613, 9.507
-0.381, 1.58, 10.917
0.893, -1.556, 10.075
0.733, 0.769, 9.56
0.733, 0.769, 9.56
0.206, 0.8, 11.169
0.579, 0.18, 10.735
0.579, 0.18, 10.735
-0.328, -0.862, 8.083
0.177, 0.261, 7.999
0.177, 0.261, 7.999
1.173, 1.516, 10.544
1.001, 1.563, 11.269
-0.235, 1.927, 7.597
0.311, -1.271, 8.523
0.204, 0.96, 10.886
0.204, 0.96, 10.886
1.142, 1.891, 7.522
0.587, -1.144, 9.27
0.824, 1.822, 8.545
0.986, 0.68, 9.72
0.986, 0.68, 9.72
-0.019, -0.117, 8.923
-0.019, 0.656, 11.763
1.487, -0.237, 11.514
1.487, -0.237, 11.514
0.879, 0.977, 7.841
0.8, 1.219, 11.432
0.16, 0.283, 11.49
0.28, 1.688, 10.06
-0.39, 0.86, 8.969
-0.405, -1.197, 10.144
-0.316, -1.044, 10.328
0.706, 1.015, 9.318
0.29, 0.505, 9.529
0.29, 0.505, 9.529
0.292, -0.713, 10.436
0.134, 1.556, 10.953
1.788, 0.508, 10.826
-0.33, 1.726, 10.252
-0.697, 2.732, 7.362
-0.697, 2.732, 7.362
0.041, -1.729, 9.876
0.0, -0.215, 13.934
0.838, 0.35, 12.316
0.838, 0.35, 12.316
0.165, 0.452, 9.048
1.561, 0.342, 8.746
0.606, 0.9, 10.017
1.063, -0.565, 11.087
0.546, 1.659, 11.322
0.163, -0.611, 9.579
0.697, -0.057, 9.699
0.84, 0.333, 9.9
0.251, 0.323, 9.67
0.251, 0.323, 9.67
0.328, 0.333, 12.129
0.886, 1.219, 8.949
0.587, 1.307, 9.004
0.242, 0.134, 8.791
0.263, 0.29, 8.375
0.503, 1.336, 8.966
0.378, -1.065, 9.795
0.62, 1.855, 8.77
0.62, 1.855, 8.77
1.733, 0.974, 8.964
0.045, 1.757, 11.813
0.093, 1.69, 11.956
0.424, -0.108, 9.198
-0.773, 0.893, 12.919
-0.974, 3.144, 8.834
-0.443, -4.154, 6.931
-0.443, -4.154, 6.931
0.12, 4.743, 15.359
2.571, 0.934, 11.092
-0.855, -1.769, 9.706
1.075, 1.152, 11.051
-0.998, 1.918, 10.319
0.955, -1.389, 8.825
0.845, 3.472, 10.606
0.845, 3.472, 10.606
0.153, 3.031, 10.161
-1.695, -4.065, 6.706
2.09, 2.935, 6.797
2.09, 2.935, 6.797
-0.903, -2.313, 7.702
0.843, 1.556, 12.878
0.333, 2.476, 8.418
-0.045, 0.235, 10.542
1.427, 1.525, 9.373
1.427, 1.525, 9.373
0.869, 1.149, 8.681
0.532, 0.335, 9.098
0.532, 0.335, 9.098
0.4, 2.727, 10.623
0.78, 0.266, 9.103
0.194, -0.041, 9.596
-0.194, 1.075, 10.573
-0.194, 1.075, 10.573
-0.189, 0.072, 9.447
0.599, 2.31, 9.622
0.35, 0.493, 11.028
0.632, 0.555, 10.601
0.632, 0.555, 10.601
1.003, 1.413, 8.885
-0.4, 0.776, 10.039
0.642, 0.642, 9.852
0.646, 0.565, 9.993
0.309, 1.774, 8.803
0.378, 1.709, 10.161
0.347, 0.014, 9.51
0.479, 0.627, 12.088
0.833, 0.273, 10.767
0.833, 0.273, 10.767
0.572, 2.282, 10.022
0.68, -0.28, 10.477
-0.141, 0.527, 10.824
0.469, 1.097, 9.902
1.381, 0.029, 9.818
1.381, 0.029, 9.818
-0.223, 0.345, 8.698
-0.28, 1.439, 9.455
0.34, -0.984, 9.66
0.34, -0.984, 9.66
0.311, 1.69, 10.264
0.381, 0.122, 8.834
0.045, 1.997, 9.546
0.045, 1.997, 9.546
-0.096, -0.275, 10.439
-0.227, 1.233, 11.992
-0.718, 1.832, 8.262
-0.136, 2.545, 10.673
-0.189, 0.761, 9.605
-0.668, -0.658, 8.997
0.067, 1.451, 12.701
0.603, 1.049, 8.277
0.603, 1.049, 8.277
-0.117, 0.393, 10.472
-0.218, -0.122, 9.419
0.637, -0.998, 10.496
0.79, 0.752, 10.422
0.79, 0.752, 10.422
0.268, -0.192, 10.68
0.378, 0.56, 11.042
0.35, 0.402, 11.183
1.144, 1.101, 11.415
0.752, 0.256, 8.389
-0.407, 1.446, 11.822
-0.407, 1.446, 11.822
0.445, -0.081, 9.538
-0.086, 0.778, 11.116
0.931, 0.057, 8.365
0.723, 1.994, 11.447
1.152, 0.864, 8.832
0.73, 0.651, 9.265
0.73, 0.651, 9.265
0.527, 0.196, 9.984
0.484, 0.127, 10.158
0.704, 1.882, 10.163
0.86, 1.355, 8.861
-0.596, 1.276, 11.272
-0.206, 0.749, 9.902
-0.5, 0.539, 9.433
0.151, 0.615, 9.79
-0.84, 0.795, 10.161
-0.84, 0.795, 10.161
-0.414, 1.173, 9.55
-0.517, 1.154, 10.266
-0.074, 0.182, 10.271
0.299, 1.516, 9.546
0.378, 0.283, 8.935
0.699, 1.302, 8.906
0.673, 0.417, 8.887
0.201, 0.888, 8.456
1.336, 1.247, 8.916
1.8, 0.783, 9.06
0.685, -0.474, 9.787
-0.017, 0.565, 8.751
-0.017, 0.565, 8.751
1.314, 0.314, 12.373
0.476, -0.395, 10.503
-0.443, 0.294, 11.856
-0.443, 0.294, 11.856
0.816, -0.326, 12.246
0.491, -0.405, 11.382
0.491, -0.405, 11.382
-0.041, 1.097, 10.611
0.481, -0.326, 11.288
0.778, 0.196, 10.97
-0.113, 0.812, 10.549
-0.081, 0.199, 10.374
0.263, 0.831, 8.937
0.376, 0.819, 9.052
-0.029, -0.084, 9.83
0.124, 1.319, 9.986
-0.275, 0.754, 9.143
0.077, 0.749, 9.565
0.077, 0.749, 9.565
-0.256, 2.236, 8.514
0.85, -0.103, 11.411
0.637, -0.038, 11.327
0.826, -0.055, 9.498
0.232, 0.474, 10.419
0.232, 0.474, 10.419
0.881, -1.753, 8.772
-1.267, 5.006, 10.889
2.057, 0.673, 8.518
0.778, 1.733, 10.273
0.778, 1.733, 10.273
-0.232, 1.353, 9.478
-0.405, 0.984, 10.039
0.757, 1.788, 9.299
0.048, 1.211, 8.849
0.235, -1.343, 10.786
0.235, -1.343, 10.786
0.603, 0.567, 12.316
-0.309, 2.792, 7.791
0.819, -1.544, 12.876
0.819, -1.544, 12.876
0.984, 2.365, 11.638
-0.491, -0.51, 9.694
-0.388, -0.354, 10.242
-0.17, 0.06, 8.746
-0.17, 0.06, 8.746
-0.182, -0.397, 10.372
0.532, 0.907, 9.912
0.302, -0.086, 9.119
0.242, 0.982, 8.779
0.242, 0.982, 8.779
-0.072, 1.367, 9.309
-0.575, -0.455, 8.636
-0.575, -0.455, 8.636
-0.127, 1.391, 10.965
0.522, -0.905, 10.099
1.293, 0.414, 8.32
1.293, 0.414, 8.32
1.058, 0.771, 9.083
0.127, 0.237, 11.126
0.778, 0.778, 10.542
1.271, 2.203, 8.629
1.271, 2.203, 8.629
0.342, -0.335, 9.024
-0.429, 1.681, 11.104
-0.429, 1.681, 11.104
0.627, 0.771, 11.712
0.266, -0.553, 10.312
0.898, -0.943, 8.918
3.347, 5.542, 11.451
-0.984, -2.052, 10.989
-0.014, 2.239, 12.876
-0.014, 2.239, 12.876
1.695, 0.735, 11.746
1.037, 1.472, 9.823
1.037, 1.472, 9.823
0.867, 1.216, 7.858
0.766, 0.855, 11.327
0.57, 0.929, 10.676
0.364, 1.918, 9.584
0.692, -1.389, 8.315
0.414, -1.556, 7.98
-0.034, 1.178, 10.333
-0.33, 0.898, 10.304
-0.73, 0.134, 8.499
0.63, 1.563, 10.656
0.467, 1.013, 11.205
0.467, 1.013, 11.205
0.567, 1.537, 7.144
-0.371, 1.496, 9.859
-0.266, 1.47, 9.086
0.673, 1.185, 6.922
0.682, 0.611, 9.866
-0.737, -1.525, 8.281
0.146, 3.517, 13.063
0.613, 0.883, 4.932
1.099, 0.941, 11.205
-0.687, 1.815, 5.641
-0.939, 1.377, 13.446
1.259, 1.463, 8.834
-0.474, -0.807, 9.115
-0.474, -0.807, 9.115
0.23, 2.622, 9.976
1.353, 0.646, 8.858
0.709, 1.707, 12.711
0.215, -0.915, 10.108
0.484, 2.787, 11.887
1.161, 1.135, 8.43
1.992, 0.737, 8.688
-0.587, 1.774, 12.464
-0.587, 1.774, 12.464
0.306, 0.108, 9.648
-0.321, 1.434, 9.687
-0.321, 1.434, 9.687
0.187, -2.485, 8.784
-0.771, 2.425, 11.243
2.205, 0.675, 9.519
0.168, -1.039, 8.447
0.266, 1.027, 10.539
1.013, -1.377, 9.488
0.235, 1.348, 9.313
0.441, 1.077, 9.648
0.539, -0.603, 7.918
1.135, 0.062, 11.686
1.135, 0.062, 11.686
0.946, 0.603, 7.704
0.745, 0.668, 10.309
0.328, -0.204, 7.87
0.915, 0.259, 10.881
0.737, 0.864, 8.868
0.362, 0.8, 9.014
1.207, 1.743, 9.933
0.776, -0.405, 8.432
0.776, -0.405, 8.432
-0.235, 0.936, 10.443
0.599, 1.255, 9.914
0.575, 0.517, 11.054
0.575, 0.517, 11.054
0.208, 1.166, 9.589
0.546, -0.038, 11.585
0.11, -0.048, 9.297
0.093, 1.221, 11.035
0.093, 1.221, 11.035
-0.06, -0.072, 10.278
0.029, 0.371, 11.138
-0.713, -0.227, 9.821
-0.651, -0.065, 9.965
-0.843, 0.668, 10.549
0.034, 0.256, 9.692
0.034, 0.256, 9.692
-0.165, 0.819, 9.004
0.053, 0.939, 7.922
0.311, 0.124, 10.57
0.611, 0.364, 10.058
0.888, 0.469, 9.553
0.757, 0.189, 9.301
0.649, 0.486, 9.919
0.132, 0.69, 8.557
0.467, 0.084, 11.485
0.692, -0.534, 9.565
0.692, -0.534, 9.565
1.149, 0.302, 10.352
1.903, 0.036, 10.316
1.743, 0.05, 9.727
0.754, -1.322, 8.255
2.172, 0.297, 5.839
2.172, 0.297, 5.839
1.913, -0.393, 9.668
1.554, -0.072, 8.794
2.126, 1.137, 8.566
-0.153, -1.748, 12.993
-0.397, 0.668, 9.342
-1.159, 1.511, 9.467
-1.75, -1.041, 13.81
-1.75, -1.041, 13.81
0.108, 1.915, 9.555
-1.614, 0.697, 7.149
-0.603, -0.634, 10.02
-0.603, -0.634, 10.02
1.429, 0.924, 13.477
1.458, -1.044, 11.765
