0.345, -0.031, 9.648
-0.211, 1.31, 10.565
0.591, 0.895, 10.86
-0.4, -0.97, 9.134
-0.445, -0.649, 11.166
0.211, 1.357, 10.381
-0.541, 0.426, 9.51
-0.541, 0.426, 9.51
-0.541, -1.496, 11.286
0.323, 0.196, 10.688
0.096, -0.093, 9.933
0.089, -1.013, 9.407
0.089, -1.013, 9.407
-0.469, 0.208, 10.055
0.275, -0.328, 10.482
0.35, -0.46, 10.247
-0.129, 1.393, 10.747
-0.129, 1.393, 10.747
-1.025, 0.034, 8.595
-1.432, 0.055, 9.9
-2.418, 1.767, 10.415
-2.246, 0.491, 11.13
-1.923, 0.745, 10.261
-2.16, 1.975, 9.797
-1.288, 1.176, 9.354
-1.288, 1.176, 9.354
-2.227, -0.402, 9.17
-1.013, 1.142, 9.586
-0.29, -0.069, 9.493
-1.176, -0.508, 10.175
-1.176, -0.508, 10.175
-0.651, 0.438, 8.897
-0.996, 0.742, 8.071
0.22, 1.214, 12.081
-0.405, 1.63, 7.697
-0.405, 1.63, 7.697
-0.17, -0.081, 11.712
-1.357, 0.697, 7.127
-0.979, 1.714, 10.067
0.029, 0.215, 10.18
-0.148, 0.189, 10.024
-0.259, 1.357, 9.567
0.237, 2.066, 9.713
-0.144, -0.287, 8.585
0.139, 1.669, 11.628
0.86, -0.737, 9.558
0.86, -0.737, 9.558
1.312, 1.003, 9.708
0.409, 2.361, 9.098
0.634, 0.934, 9.627
0.642, 1.676, 10.611
0.402, 2.124, 10.29
0.4, 2.617, 7.798
0.965, 1.185, 11.028
0.852, 3.041, 7.408
0.852, 3.041, 7.408
1.13, 0.783, 10.848
0.8, 2.837, 8.983
1.353, 1.209, 9.723
1.353, 1.209, 9.723
1.999, 2.72, 9.208
0.852, 3.187, 7.721
0.68, 2.547, 10.276
0.584, 2.466, 8.602
0.907, 2.251, 8.054
-0.608, 2.816, 9.656
-0.608, 2.816, 9.656
-1.056, 2.705, 7.192
-2.133, 2.435, 9.581
-2.356, 3.024, 8.945
-2.035, 2.78, 8.593
-2.277, 0.397, 8.083
-3.713, 2.828, 8.392
-3.484, -0.115, 10.594
-3.484, -0.115, 10.594
-4.645, 1.422, 10.853
-3.943, 1.396, 8.42
-3.73, 1.216, 9.727
-3.73, 1.216, 9.727
-3.345, 1.243, 9.416
-3.455, 0.407, 9.364
-3.366, 0.634, 11.798
-3.129, 0.747, 9.948
-3.615, 1.271, 12.426
-3.615, 1.271, 12.426
-4.185, 2.018, 9.682
-2.923, -0.381, 11.265
-3.014, 1.59, 10.846
-2.978, -0.184, 10.759
-2.978, -0.184, 10.759
-2.715, 1.709, 11.772
-1.429, -0.215, 9.931
-1.518, 0.761, 11.214
-1.518, 0.761, 11.214
0.108, 1.781, 8.054
0.333, 1.592, 10.623
0.333, 1.592, 10.623
1.834, 0.922, 8.159
2.121, 0.589, 9.625
3.637, 0.97, 8.574
3.79, 0.644, 11.011
3.67, 0.218, 9.301
4.855, -0.22, 9.598
5.253, 0.977, 9.804
5.104, 0.158, 8.095
6.292, 0.56, 9.543
6.292, 0.56, 9.543
6.464, 1.001, 8.121
7.645, -0.634, 8.475
7.384, -0.034, 7.623
7.271, 0.244, 7.604
7.484, -2.195, 13.403
7.484, -2.195, 13.403
6.718, -2.959, 8.071
5.382, -1.037, 13.862
5.382, -1.037, 13.862
4.345, -0.184, 13.35
3.074, -0.335, 13.343
3.393, -0.323, 13.309
4.609, -1.386, 13.872
1.994, -0.639, 15.117
0.608, 0.433, 14.109
0.608, 0.433, 14.109
-0.532, 0.34, 12.134
-2.093, -0.673, 11.947
-1.504, -0.584, 10.424
-1.504, -0.584, 10.424
-2.241, -0.725, 13.448
-4.97, 1.104, 10.484
-4.97, 1.104, 10.484
-4.257, -0.093, 10.029
-4.063, 1.599, 7.41
-3.038, -0.481, 8.834
-5.344, -0.242, 11.128
-4.554, 1.415, 8.255
-4.525, 1.149, 7.434
-4.982, -0.728, 5.715
-4.798, -0.625, 5.598
-5.059, 2.516, 6.318
-5.059, 2.516, 6.318
-5.037, -0.098, 6.89
-3.551, 1.554, 6.579
-2.377, 1.518, 8.528
-1.178, -0.01, 4.901
-1.812, 1.425, 6.711
-1.408, 2.119, 7.458
-2.361, 0.879, 7.477
-1.276, 0.931, 9.55
-1.276, 0.931, 9.55
-1.159, 1.142, 7.448
1.185, 0.97, 8.487
1.185, 0.97, 8.487
0.833, 0.747, 9.27
0.733, 0.196, 9.165
0.699, 0.479, 9.876
0.699, 0.479, 9.876
1.817, 1.051, 10.01
2.102, 1.334, 8.478
2.789, 0.072, 8.607
3.424, 0.594, 10.302
4.726, 1.164, 8.76
4.223, 0.084, 9.711
4.319, -0.409, 10.96
4.721, 1.31, 8.679
3.445, -0.105, 10.338
3.445, -0.105, 10.338
3.931, 1.508, 10.594
4.489, 1.408, 9.871
4.393, -0.869, 9.79
4.748, 0.529, 9.081
4.748, 0.529, 9.081
4.377, 1.41, 10.671
2.986, -0.627, 9.909
3.44, -0.78, 11.348
3.44, -0.78, 11.348
1.642, -0.685, 9.447
0.831, 2.875, 9.526
0.917, 2.574, 9.541
1.417, 1.614, 9.651
3.541, -0.651, 7.81
1.317, -1.346, 9.117
1.487, 1.92, 12.608
1.487, 1.92, 12.608
-0.46, 1.499, 10.115
-1.35, 0.285, 10.762
-2.325, 0.701, 11.832
-2.504, -0.721, 8.856
-2.54, -1.053, 10.908
-2.54, -1.053, 10.908
-3.112, -0.534, 11.497
-4.034, 0.4, 11.76
-3.146, -1.029, 10.609
-3.359, -0.991, 10.355
-2.928, -1.587, 11.221
-2.928, -1.587, 11.221
-3.584, -0.103, 10.055
-3.689, -1.209, 10.654
-2.284, -0.146, 10.767
-2.284, -0.146, 10.767
-2.013, -1.061, 8.837
-1.942, -1.077, 9.696
-1.942, -1.077, 9.696
-2.097, -0.476, 9.811
-1.65, -0.565, 9.965
-1.841, -0.484, 7.92
-0.441, -0.065, 9.395
-0.383, -0.081, 9.579
0.778, 0.443, 10.367
0.448, -0.196, 9.39
0.448, -0.196, 9.39
0.69, -0.496, 10.542
0.187, 0.091, 9.478
1.183, -0.048, 11.152
1.554, 0.678, 10.522
1.448, 0.364, 11.384
1.448, 0.364, 11.384
1.621, 0.065, 10.218
1.034, 2.088, 9.749
1.391, 1.068, 11.13
1.226, 0.52, 9.478
1.623, 0.871, 10.381
2.258, 0.778, 9.383
2.258, 0.778, 9.383
1.8, 1.25, 8.969
1.585, 0.754, 9.16
1.858, 0.96, 8.308
1.858, 0.96, 8.308
1.676, 0.845, 9.083
1.166, 0.429, 9.778
1.073, 1.472, 8.732
0.728, 1.391, 10.53
0.168, 1.93, 9.965
0.168, 1.93, 9.965
0.807, 1.24, 8.957
0.376, 1.125, 10.393
0.043, 0.948, 9.718
0.043, 0.948, 9.718
0.01, 1.592, 9.895
0.445, 1.724, 10.436
0.445, 1.724, 10.436
0.529, 0.833, 9.088
0.283, 0.862, 9.155
0.639, 1.274, 8.581
0.639, 1.274, 8.581
-0.062, 0.539, 9.443
-0.115, 0.419, 7.635
0.342, 0.469, 11.514
0.22, 0.436, 11.772
-0.187, 0.467, 9.687
-0.141, 0.443, 9.823
0.01, 0.692, 10.623
-0.16, -0.11, 11.458
-0.567, 0.709, 11.241
-0.567, 0.709, 11.241
-1.171, 0.436, 11.351
-1.343, 0.979, 10.216
-0.596, 0.536, 10.328
-0.596, 0.536, 10.328
-0.172, -0.077, 10.68
-0.814, 2.083, 9.823
-0.814, 2.083, 9.823
-0.68, 0.881, 10.474
-0.625, 0.95, 9.78
0.701, 1.69, 9.364
0.701, 1.69, 9.364
-0.551, 1.647, 10.223
-0.019, 1.975, 9.814
-0.019, 1.975, 9.814
0.433, 1.393, 9.96
0.632, 0.414, 8.037
0.117, 1.733, 10.793
-0.165, 1.923, 9.783
-0.103, 1.702, 10.965
0.29, 1.377, 9.392
0.29, 1.377, 9.392
0.563, 1.707, 9.955
0.654, 1.353, 9.919
0.39, 2.301, 9.852
0.39, 2.301, 9.852
-0.28, 0.881, 9.253
0.041, 1.178, 9.565
-0.35, 3.955, 10.463
0.967, 0.424, 8.502
-0.005, 1.554, 10.901
-0.302, 2.449, 9.548
-0.419, 1.554, 9.261
0.005, 1.832, 11.571
1.398, 1.35, 8.372
0.175, 3.541, 9.768
-0.002, 0.941, 10.07
-0.034, 0.984, 11.43
0.316, 1.128, 7.791
0.639, 1.336, 10.146
0.56, 1.456, 10.649
0.187, -0.412, 8.499
0.187, -0.412, 8.499
-0.294, 2.715, 12.39
0.541, -0.089, 7.882
0.541, -0.089, 7.882
0.306, 2.057, 11.463
0.165, 1.544, 8.468
0.165, 1.544, 8.468
0.733, 0.658, 10.678
0.491, 1.997, 10.879
0.603, 1.822, 10.419
0.472, -0.105, 7.75
-0.342, 2.693, 10.278
-0.342, 2.693, 10.278
-0.115, 1.006, 10.609
-0.824, 0.29, 9.799
0.936, 2.253, 10.168
0.936, 2.253, 10.168
0.072, 0.443, 10.127
0.259, 2.488, 9.079
-0.194, 1.75, 9.723
0.929, 1.219, 10.448
-0.086, 1.034, 8.087
0.476, 2.284, 10.604
0.476, 2.284, 10.604
-0.455, 1.566, 9.73
0.464, 0.701, 9.071
0.464, 0.701, 9.071
0.694, 1.274, 10.276
0.242, 1.994, 9.811
0.721, 0.807, 9.986
0.421, 0.864, 10.139
0.924, 0.879, 10.113
1.094, 2.272, 9.435
0.656, 0.306, 9.122
0.891, 1.82, 9.517
0.891, 1.82, 9.517
1.513, 1.015, 10.0
0.934, 0.709, 10.29
1.025, 1.504, 9.847
-0.354, 1.535, 9.426
0.359, 0.934, 9.625
-0.479, 1.116, 11.312
-0.419, 0.563, 9.862
-0.419, 0.563, 9.862
-0.17, 0.627, 11.49
0.057, 1.877, 11.166
0.469, -0.508, 9.05
0.469, -0.508, 9.05
1.257, 0.572, 11.758
0.227, 0.491, 8.796
0.227, 0.491, 8.796
0.687, -1.934, 9.974
0.362, 2.205, 9.483
-0.172, -1.199, 8.188
-0.172, -1.199, 8.188
-0.177, 1.3, 13.443
-0.381, -0.271, 9.943
-0.235, -0.821, 11.408
-0.235, -0.821, 11.408
1.527, 1.75, 11.463
-0.644, 0.163, 10.63
-0.644, 0.163, 10.63
1.207, 0.469, 12.225
-0.096, 0.819, 11.08
0.005, 0.936, 10.929
-0.251, 1.377, 9.749
1.295, 0.51, 9.505
1.295, 0.51, 9.505
-0.031, 0.701, 9.926
1.199, -0.06, 10.551
0.694, -0.156, 10.357
0.041, 2.313, 9.945
0.991, 0.438, 9.936
0.302, -1.128, 8.31
0.373, -0.972, 8.059
0.417, 1.592, 9.06
0.417, 1.592, 9.06
-0.223, -1.369, 9.258
0.575, 0.532, 11.26
1.717, 2.385, 9.799
1.642, -1.348, 10.237
1.774, 1.429, 11.207
1.774, 1.429, 11.207
0.266, 2.583, 9.835
-1.113, 1.116, 10.072
-0.017, 0.172, 8.607
-0.069, 0.33, 8.925
-0.982, 2.279, 9.596
-0.929, -0.189, 9.945
0.752, 1.173, 9.036
-1.305, 3.275, 8.09
-0.634, -0.412, 8.822
0.383, 0.541, 12.179
0.383, 0.541, 12.179
-0.122, 2.251, 6.673
-1.02, 0.239, 8.672
-0.093, 0.314, 10.611
-0.007, 0.362, 10.513
-0.596, 0.819, 9.778
0.259, -1.015, 9.368
0.259, -1.015, 9.368
0.441, 1.712, 11.521
-0.211, 0.409, 11.178
-0.412, 0.977, 11.279
-0.606, 1.614, 10.084
-0.108, -0.294, 10.704
-0.299, -0.271, 8.997
0.728, 1.425, 11.523
0.812, 1.954, 11.415
-0.462, 0.108, 9.208
-0.139, -0.11, 9.261
0.373, 0.699, 11.279
-0.268, -1.494, 8.964
0.084, 2.272, 11.901
0.819, 2.162, 9.419
0.819, 2.162, 9.419
0.838, -0.692, 7.312
1.492, 1.331, 10.044
1.501, 0.318, 8.068
1.02, 0.029, 9.392
1.144, 0.012, 9.668
1.08, 1.779, 9.04
-0.172, 3.0, 6.644
1.726, -1.003, 7.815
2.722, -1.207, 10.36
0.78, 0.517, 11.968
0.78, 0.517, 11.968
0.996, 0.045, 9.469
0.079, 0.045, 8.978
0.491, 0.534, 13.072
0.603, 0.314, 12.55
0.615, 1.015, 13.3
1.36, -0.536, 8.715
0.17, 1.037, 12.114
0.17, 1.037, 12.114
-0.46, -0.093, 8.897
-0.35, -0.888, 11.035
-1.911, 0.757, 9.447
-0.153, -0.567, 8.791
-0.153, -0.567, 8.791
-0.476, 0.697, 11.329
-0.294, 0.017, 9.306
-0.376, -0.488, 10.281
-0.376, -0.488, 10.281
-0.596, 1.992, 9.385
-1.209, 0.795, 10.221
-1.302, 0.651, 9.206
-1.302, 0.651, 9.206
0.773, 1.676, 11.133
1.113, 0.108, 12.397
-0.194, -0.227, 9.536
-0.194, -0.227, 9.536
-0.871, -0.012, 12.124
-0.943, 1.946, 10.814
-0.517, -0.187, 10.788
-0.268, 0.007, 10.668
0.11, 0.024, 11.454
-0.16, -0.256, 10.762
-0.16, -0.256, 10.762
-0.16, -1.147, 11.767
0.244, -0.675, 10.558
-0.012, -0.395, 9.275
-0.261, 0.855, 10.518
0.79, 1.918, 9.546
0.79, 1.918, 9.546
0.848, -0.074, 9.917
2.018, 0.642, 8.669
2.454, 0.098, 7.841
2.454, 0.098, 7.841
0.697, -0.804, 7.7
0.302, 1.865, 11.128
1.908, -1.901, 7.12
1.908, -1.901, 7.12
1.288, -0.366, 8.614
2.145, 1.511, 9.486
1.985, -1.525, 8.229
1.496, 0.189, 10.343
0.831, 0.836, 7.388
0.831, 0.836, 7.388
1.018, -1.173, 9.833
1.441, 0.845, 8.966
2.102, -0.836, 8.89
2.102, -0.836, 8.89
2.294, 0.136, 9.895
1.094, -0.577, 9.007
1.276, -0.045, 11.396
1.276, -0.045, 11.396
1.159, -0.766, 10.197
0.127, 0.12, 12.371
-0.369, -0.575, 11.229
-0.369, -0.575, 11.229
0.673, -0.16, 13.47
-0.905, -0.481, 12.469
-0.905, -0.481, 12.469
-0.982, -0.663, 10.802
-2.049, 0.067, 10.398
-0.582, -0.876, 10.87
-0.342, 0.486, 9.905
-0.555, 0.074, 10.683
0.024, -0.055, 8.336
0.165, 0.012, 8.157
-0.144, 0.33, 9.311
1.384, 0.352, 8.435
1.384, 0.352, 8.435
0.431, 0.354, 8.736
0.733, 0.584, 9.907
0.594, -0.994, 9.751
0.285, -0.048, 11.028
0.869, 0.175, 11.631
0.567, -0.656, 10.944
0.567, -0.656, 10.944
-1.075, 0.144, 12.047
-0.903, -0.649, 9.787
0.577, 0.493, 12.586
0.577, 0.493, 12.586
1.329, 0.345, 9.723
1.829, 0.354, 8.779
0.486, 0.029, 10.386
1.705, -0.108, 7.214
1.705, -0.108, 7.214
0.893, -0.644, 7.985
1.156, 0.311, 10.601
1.903, 0.548, 9.526
0.639, 0.065, 10.618
-0.055, -0.4, 8.583
0.433, 0.867, 11.178
0.22, 0.33, 9.476
0.318, 0.883, 9.5
0.318, 0.883, 9.5
-0.024, 0.546, 9.567
0.603, 0.599, 7.364
0.517, 1.216, 7.362
0.848, 0.73, 8.523
0.886, -2.057, 11.961
0.886, -2.057, 11.961
2.04, -1.142, 8.133
2.164, 0.608, 10.039
2.1, 1.015, 11.288
0.481, -0.68, 11.758
0.484, -1.551, 11.025
0.759, -0.816, 9.469
2.904, 1.551, 10.02
2.619, 1.693, 9.965
1.525, 0.903, 9.105
3.16, 1.963, 10.209
-0.481, -0.608, 9.773
0.328, -0.642, 11.755
1.377, -0.9, 10.781
1.377, -0.9, 10.781
0.622, -0.283, 10.786
-1.379, 3.354, 10.903
-2.971, 3.493, 10.544
1.034, -1.381, 9.038
0.464, -0.682, 9.751
0.486, -1.961, 13.731
-0.388, 0.759, 11.839
-0.388, 0.759, 11.839
-2.66, 5.945, 1.903
2.028, 0.831, 14.695
2.43, -2.619, 8.492
2.43, -2.619, 8.492
3.405, -1.073, 12.593
-1.633, 0.488, 10.664
-3.376, 4.645, 10.496
-2.358, 0.974, 7.417
-2.358, 0.974, 7.417
-0.989, -1.458, 9.598
-1.741, 0.029, 13.668
-1.741, 0.029, 13.668
-3.235, -0.345, 13.625
-2.16, 1.688, 7.757
0.065, -0.077, 9.79
1.53, -0.062, 6.799
1.53, -0.062, 6.799
0.46, 0.761, 10.74
-0.862, 0.646, 9.591
0.529, -0.254, 6.342
0.848, -0.297, 6.306
1.865, 2.126, 7.465
0.876, 0.299, 7.329
-0.883, 0.041, 11.001
-0.321, 2.602, 12.646
0.11, 0.457, 10.915
0.11, 0.457, 10.915
-0.12, -0.879, 9.993
-1.231, -0.189, 10.707
-1.939, 0.409, 10.17
-1.939, 0.409, 10.17
-0.244, -1.954, 10.544
1.635, 1.657, 8.787
1.458, 1.082, 9.282
0.311, 1.168, 10.472
0.311, 1.168, 10.472
-0.244, 2.55, 7.427
1.087, -0.579, 7.534
0.833, -0.385, 11.403
2.727, 2.502, 9.687
1.791, 2.892, 8.499
1.247, -0.948, 8.653
2.406, 0.737, 10.242
2.176, -0.369, 8.008
2.109, -0.575, 8.506
0.464, 3.548, 10.261
0.11, 3.965, 10.345
0.723, 2.502, 7.992
0.723, 2.502, 7.992
0.927, -0.206, 9.869
2.186, -3.134, 7.388
-0.579, 0.994, 10.333
-1.647, 1.24, 9.991
1.563, 2.59, 11.231
2.282, 2.066, 8.981
2.521, -2.351, 9.763
-1.267, -1.262, 11.549
-1.267, -1.262, 11.549
-0.646, 3.905, 10.654
-0.898, -0.711, 11.724
0.244, 2.538, 10.767
0.244, 2.538, 10.767
-1.638, 0.749, 9.917
-3.534, -0.512, 14.853
-3.012, 2.516, 10.956
-2.181, -0.089, 12.431
-2.181, -0.089, 12.431
-1.844, -1.444, 12.964
-0.065, 1.089, 9.981
-0.922, 0.86, 9.974
-3.505, -1.214, 11.643
-1.137, 1.803, 11.288
-1.152, 0.079, 9.684
-1.152, 0.079, 9.684
-1.432, -0.618, 8.645
1.063, 0.443, 9.467
-0.158, 0.086, 9.419
-0.158, 0.086, 9.419
1.367, 0.445, 8.2
-0.474, 1.779, 9.354
-0.199, 1.662, 9.512
-0.656, -0.804, 7.204
-0.704, 1.436, 11.71
0.424, 1.24, 9.83
0.141, -0.536, 9.411
0.747, 0.304, 11.626
1.738, 1.199, 10.609
1.738, 1.199, 10.609
1.362, -0.029, 9.158
2.152, 1.432, 9.541
2.215, 1.523, 9.371
1.642, 0.534, 9.39
1.046, 0.194, 8.538
1.815, 0.864, 8.044
1.305, -0.211, 10.168
1.305, -0.211, 10.168
1.111, 0.266, 9.759
0.879, 0.464, 9.921
0.232, -0.366, 9.706
0.232, -0.366, 9.706
0.532, 1.075, 9.931
-0.244, -1.118, 8.796
-0.244, -1.118, 8.796
0.17, 0.737, 10.158
0.211, 2.16, 8.538
-0.589, 0.268, 11.085
-0.589, 0.268, 11.085
-0.74, 2.923, 9.524
-0.931, 1.408, 9.495
-0.723, 1.683, 8.054
-1.58, 1.379, 7.688
-1.506, 1.305, 8.569
-1.647, 1.199, 9.577
-2.59, 3.316, 9.309
-3.218, 1.326, 8.834
-1.889, 0.022, 8.813
-1.135, 1.731, 6.629
-1.135, 1.731, 6.629
-1.879, 1.836, 9.459
-1.841, 0.824, 10.24
-1.705, 0.948, 8.832
-2.787, 2.04, 9.273
-2.076, 0.903, 10.302
-1.98, 0.819, 10.419
-1.183, 0.16, 9.265
-0.213, 1.147, 10.199
0.634, -0.481, 9.759
-0.045, -0.974, 10.546
1.456, 0.005, 11.911
1.834, -0.761, 9.289
3.213, -1.76, 10.901
3.213, -1.76, 10.901
4.372, -0.541, 11.959
4.013, -1.049, 11.686
3.184, -2.322, 12.931
4.91, -1.475, 12.869
4.494, -0.211, 12.653
3.812, -1.137, 10.812
3.967, 0.553, 13.297
3.28, 0.366, 11.794
1.578, -0.5, 11.447
1.688, -0.29, 12.711
1.456, 0.395, 11.81
1.456, 0.395, 11.81
0.881, 0.182, 11.652
0.666, 0.318, 11.415
1.065, 0.608, 10.91
1.065, 0.608, 10.91
0.946, 0.517, 8.782
-0.115, 1.149, 9.651
0.323, 0.505, 7.733
0.268, 0.541, 7.74
-1.183, 0.941, 8.516
-1.374, 0.273, 8.061
-1.436, 1.417, 9.091
-1.436, 1.417, 9.091
-1.221, 0.682, 7.767
-2.562, 1.235, 8.406
-3.129, 1.93, 7.305
-3.871, 0.79, 7.551
-3.642, 0.656, 7.712
-4.041, 0.438, 8.274
-3.907, 1.705, 7.748
-4.314, 0.57, 7.891
-2.839, 0.05, 9.335
-2.617, 1.496, 8.427
-2.617, 1.496, 8.427
-4.099, 0.577, 7.69
-2.856, 0.625, 6.972
-1.669, -0.62, 8.763
-1.269, -0.452, 8.427
-2.325, -0.177, 8.128
-1.468, 1.539, 10.281
0.79, -0.069, 8.925
-0.5, 0.196, 7.408
-1.178, -2.279, 10.156
-0.996, 1.176, 12.246
-0.345, -1.341, 13.24
-0.345, -1.341, 13.24
1.223, -0.283, 10.74
4.659, 0.101, 11.988
3.081, -0.718, 10.939
2.016, -1.147, 12.646
2.669, 1.865, 10.24
4.027, -2.614, 11.913
4.295, 2.629, 15.378
4.295, 2.629, 15.378
6.002, 1.446, 11.447
0.962, -1.966, 10.86
2.361, 1.41, 15.864
2.626, 1.76, 9.098
2.626, 1.76, 9.098
3.517, -0.639, 10.455
1.35, 2.016, 10.034
1.712, 2.174, 9.739
2.318, -0.158, 9.953
1.235, 1.293, 7.247
1.209, 1.276, 7.084
1.781, 0.354, 8.528
0.783, -0.144, 8.71
-0.199, 0.113, 11.042
-0.199, 0.113, 11.042
-1.13, -0.445, 9.088
-1.987, -0.905, 10.463
-2.392, -0.409, 10.295
-3.11, 0.52, 9.988
-3.091, 0.225, 9.926
-1.719, 0.728, 8.983
-0.852, -0.306, 9.218
-0.836, -0.223, 9.074
-1.262, -0.385, 7.573
-1.539, -0.165, 10.034
-2.428, -0.067, 8.044
-2.835, -0.409, 9.404
-2.835, -0.409, 9.404
-3.443, -0.304, 9.184
-2.413, 0.16, 9.62
-2.274, 0.323, 9.648
-2.054, -0.769, 8.432
-1.906, -0.697, 8.31
-1.626, 0.223, 9.689
-1.362, -0.443, 7.616
-0.34, -1.12, 8.794
-0.34, -1.12, 8.794
0.498, 0.151, 11.061
-1.41, 0.35, 9.878
-2.344, -1.951, 9.847
-1.958, 1.027, 10.771
-0.113, 1.413, 9.354
-0.304, 0.316, 8.523
2.169, 3.467, 12.284
2.945, 3.182, 11.806
1.614, 2.009, 8.609
0.752, -0.565, 9.641
0.905, 2.112, 8.339
0.905, 2.112, 8.339
2.037, 1.188, 10.482
0.16, 0.67, 9.864
1.3, 0.697, 12.799
1.822, -1.46, 11.88
1.504, 0.941, 9.704
1.343, 1.216, 9.742
1.123, -0.412, 8.578
0.565, -0.405, 10.841
1.563, 0.175, 9.692
1.563, 0.175, 9.692
1.52, -0.244, 8.7
1.652, 0.467, 8.186
1.652, 0.467, 8.186
1.527, 0.33, 6.941
1.923, -1.063, 8.222
1.355, 0.146, 10.055
0.608, 0.134, 8.772
0.608, 0.134, 8.772
0.244, -0.151, 9.177
-0.924, -0.189, 9.287
-0.941, -0.486, 10.319
-0.941, -0.486, 10.319
-0.287, 0.038, 10.261
-0.304, -1.666, 8.629
-0.304, -1.666, 8.629
0.919, -0.893, 10.271
0.919, -0.177, 9.404
-0.658, -1.393, 11.731
-1.499, -2.095, 11.523
-1.499, -2.095, 11.523
-0.824, -1.104, 14.298
-2.624, -0.792, 12.713
-3.129, 0.05, 15.632
-3.129, 0.05, 15.632
-3.61, -0.831, 11.971
-2.677, -1.599, 12.991
-2.272, -1.29, 12.028
-1.566, 0.429, 12.184
-2.44, -0.826, 9.656
-2.44, -0.826, 9.656
-1.566, -0.402, 12.138
-1.396, 0.836, 9.495
-1.597, 0.479, 10.427
-1.482, 0.685, 10.259
-1.044, 0.395, 9.057
-1.044, 0.395, 9.057
-0.371, 1.113, 8.839
-0.56, 0.67, 8.246
-0.005, 0.06, 8.188
-0.005, 0.06, 8.188
0.962, 0.06, 7.477
0.778, 1.14, 8.274
0.701, 1.288, 8.461
0.666, 1.384, 7.68
0.757, 1.508, 8.327
1.068, 1.405, 7.558
1.894, 0.848, 7.333
2.217, 0.972, 7.776
2.045, 1.077, 7.757
1.726, 1.173, 7.685
1.726, 1.173, 7.685
1.999, 0.709, 7.891
1.75, 0.426, 8.71
0.931, -0.029, 10.252
1.029, -0.893, 10.202
1.132, -0.302, 11.305
0.429, -0.618, 10.747
0.429, -0.618, 10.747
0.761, -0.821, 11.734
-0.402, -0.977, 12.907
-0.402, -0.977, 12.907
-0.974, -0.967, 12.763
-1.329, 0.261, 13.146
-1.075, -0.242, 12.471
-1.046, -0.204, 12.684
-0.955, 0.412, 11.655
-0.972, 0.309, 11.628
-0.338, -0.438, 10.831
-0.113, 0.452, 9.921
-0.091, 0.342, 8.791
-0.091, 0.342, 8.791
-0.045, 0.792, 9.938
0.421, 0.512, 7.882
0.421, 0.512, 7.882
-0.271, -1.164, 8.224
-1.159, 2.559, 8.782
-1.453, 2.669, 8.231
-1.087, 1.267, 10.199
-0.79, 2.957, 9.967
-0.79, 2.957, 9.967
0.584, 0.759, 9.304
-0.713, 1.176, 11.786
-1.527, 1.568, 10.697
-2.128, 0.402, 10.664
-1.743, 0.862, 11.588
-0.996, 2.057, 11.025
-1.231, 0.429, 11.032
-1.231, 0.429, 11.032
-0.584, -0.077, 11.93
-0.084, 0.105, 10.091
-0.093, 0.618, 9.761
0.244, 0.8, 8.674
0.22, 0.108, 8.906
0.22, 0.108, 8.906
-0.072, -0.436, 9.141
1.149, 0.685, 9.251
1.149, 0.685, 9.251
0.948, 0.29, 8.224
0.848, 0.666, 9.186
-0.364, 0.608, 8.042
-0.364, 0.608, 8.042
0.074, 0.096, 8.942
0.491, 0.606, 8.787
0.764, -0.409, 9.337
0.955, -0.541, 8.413
1.81, -1.051, 10.941
1.81, -1.051, 10.941
1.401, -0.589, 8.451
1.973, 0.311, 10.893
2.215, 1.077, 8.878
1.97, -0.239, 6.823
1.13, -0.081, 7.451
0.294, 1.81, 10.199
-0.965, 1.465, 10.345
-0.354, 0.678, 13.163
-0.962, 1.448, 10.024
-0.962, 1.448, 10.024
-1.108, 1.168, 12.337
-3.081, 1.645, 14.245
-3.105, 1.966, 12.466
-3.105, 1.966, 12.466
-1.47, 0.706, 11.712
-1.12, 0.124, 10.166
0.055, 0.065, 12.368
-0.795, 0.369, 9.531
-0.795, 0.369, 9.531
-0.79, 0.785, 10.472
-1.082, 0.309, 8.456
-1.094, 0.668, 9.318
-0.232, 0.833, 9.27
-0.244, 0.692, 8.834
0.436, 0.441, 9.943
0.826, 0.342, 9.854
0.783, 0.22, 9.845
0.589, 0.436, 10.757
0.498, 0.261, 10.963
0.122, -0.577, 10.625
0.122, -0.577, 10.625
0.318, 0.101, 11.791
0.508, 0.043, 11.279
0.929, 0.649, 10.549
1.152, 0.22, 9.732
0.91, 0.455, 9.809
0.91, 0.455, 9.809
0.958, 0.345, 9.833
1.475, 0.443, 8.55
1.516, 0.852, 9.344
1.695, 0.792, 8.111
1.149, 0.546, 9.519
1.149, 0.546, 9.519
0.984, 0.572, 8.463
0.654, 1.228, 8.928
0.522, 1.278, 8.502
0.639, 1.477, 8.502
0.204, 1.611, 9.261
-0.048, 1.219, 8.784
-0.716, 1.525, 9.306
-1.034, 2.114, 10.008
-1.034, 2.114, 10.008
-1.772, 1.013, 9.818
-0.91, 0.977, 9.993
-0.939, 0.958, 9.663
-0.721, 0.876, 9.222
-0.529, 1.951, 10.163
-0.761, 1.453, 9.411
-0.206, 1.719, 9.514
-0.685, 1.587, 8.518
-1.609, 0.912, 8.368
-1.891, 0.613, 7.716
-1.891, 0.613, 7.716
-1.623, 1.118, 9.878
-1.666, 1.276, 8.851
-2.387, 2.073, 9.529
-2.511, 2.164, 9.706
-2.756, 2.495, 9.119
-0.745, 1.472, 11.303
0.821, 1.324, 8.329
0.821, 1.324, 8.329
0.05, -0.168, 11.061
0.855, 0.678, 10.118
2.136, -0.536, 10.874
3.043, -0.182, 12.914
3.043, -0.182, 12.914
2.691, -1.092, 10.515
3.761, -1.52, 10.987
4.578, -2.847, 12.993
4.922, -0.438, 11.925
5.696, -0.929, 11.451
4.779, -0.397, 12.093
5.1, -0.23, 12.751
5.1, -0.23, 12.751
2.959, 0.323, 9.866
1.626, 0.977, 11.43
2.308, 1.271, 8.703
1.391, 1.844, 8.736
1.391, 1.844, 8.736
2.21, 1.298, 8.222
-0.132, 1.487, 8.325
-0.354, 1.204, 8.214
-0.002, 1.59, 7.25
-0.002, 1.59, 7.25
-0.524, 1.077, 8.746
